1000 9896
772 581
555 351
596 897
368 696
755 308
722 599
480 790
924 831
119 165
564 342
158 483
735 495
662 891
298 238
13 585
843 774
1000 363
195 523
254 691
421 117
387 189
354 184
731 634
91 731
312 668
411 208
779 804
969 734
342 584
791 909
596 283
230 553
715 447
13 467
719 479
230 696
633 71
71 424
329 89
714 76
456 340
240 763
168 360
98 761
18 280
600 363
504 64
876 424
201 224
480 57
931 82
811 760
836 861
785 521
589 515
903 57
449 968
746 110
747 443
489 479
841 818
27 644
733 868
494 278
168 676
135 480
157 296
712 33
328 810
935 377
559 777
564 613
360 475
622 105
940 352
410 899
33 68
881 401
200 499
272 928
5 150
371 618
992 252
483 356
566 345
517 779
574 884
560 290
589 741
946 711
48 534
233 542
52 70
69 801
290 591
368 307
755 385
919 536
96 770
117 920
759 473
89 255
551 493
983 566
769 820
459 938
647 815
282 993
943 500
36 688
202 152
792 706
852 818
110 582
662 567
420 166
493 536
241 821
641 840
434 966
921 488
408 725
984 392
628 639
578 2
573 202
22 176
230 311
213 715
698 621
475 444
19 894
477 198
317 637
672 596
178 293
438 211
23 975
500 904
603 553
185 624
798 450
901 874
991 882
614 235
979 858
125 406
362 824
769 232
642 150
385 231
439 940
557 9
875 701
63 960
64 930
220 317
258 542
619 262
206 147
328 838
132 606
370 193
554 244
831 348
941 652
484 73
747 709
64 941
955 528
918 644
393 31
357 342
293 574
39 14
613 101
595 742
817 608
592 292
195 276
17 564
345 167
990 593
647 732
871 905
85 301
39 364
976 414
599 894
32 6
549 559
345 65
237 435
165 214
117 749
924 5
283 183
946 461
360 514
240 232
358 761
744 442
354 96
869 911
598 199
891 843
620 267
431 228
507 578
257 641
448 20
47 52
838 353
16 296
325 818
397 101
164 368
884 551
361 187
460 715
88 170
968 162
308 951
438 994
663 255
649 597
942 434
727 936
396 50
35 370
808 50
653 150
675 674
624 266
272 255
823 80
535 150
407 515
448 976
73 549
14 867
128 990
92 391
383 640
437 12
779 864
102 104
380 650
141 548
680 298
422 867
797 621
229 379
68 63
606 571
20 826
438 473
267 942
196 155
200 222
238 378
183 399
217 501
120 405
358 691
841 603
132 562
9 265
873 202
162 249
953 226
704 892
816 870
769 283
791 780
169 604
367 929
995 456
172 593
85 336
181 813
220 837
648 910
579 150
303 382
514 971
821 253
90 361
308 416
38 249
847 893
781 607
713 941
568 592
518 710
223 68
985 109
277 881
61 26
282 985
579 581
231 462
303 973
627 849
187 620
723 526
430 448
586 314
877 489
93 282
149 536
151 303
864 254
47 441
250 311
88 134
567 566
59 263
131 793
373 171
224 309
956 254
387 685
524 986
28 649
639 17
197 14
913 725
44 375
706 772
748 778
568 861
533 838
919 688
331 934
318 588
64 635
174 194
727 496
853 821
802 809
140 640
219 153
76 518
242 794
977 341
903 101
341 678
340 847
343 120
414 635
42 517
172 128
996 213
851 554
998 399
323 133
181 111
733 594
493 205
954 801
938 362
812 327
940 268
651 835
564 416
489 574
532 198
223 373
5 194
99 315
650 137
7 628
531 902
882 910
904 308
997 431
587 687
199 157
517 200
276 730
817 906
889 886
749 79
515 112
327 249
539 568
460 478
373 843
139 260
378 51
485 893
787 831
813 463
456 1000
131 48
959 682
22 826
266 760
913 355
838 56
396 107
309 774
420 97
331 499
596 250
136 568
529 199
641 525
453 231
456 341
273 385
280 675
870 888
13 383
966 303
698 569
736 380
222 591
153 68
872 876
870 203
373 417
672 952
654 260
529 626
955 184
793 5
558 263
428 216
893 908
309 363
807 476
267 132
115 52
647 929
93 655
97 606
972 620
419 628
333 38
371 847
155 778
233 850
935 457
372 675
191 41
164 992
68 676
968 874
56 804
362 855
467 444
857 438
105 441
198 654
471 670
183 557
351 420
833 429
426 13
838 958
621 326
416 43
57 815
185 354
223 254
170 502
262 558
66 167
353 258
729 116
290 959
223 15
574 886
174 577
127 483
796 100
999 559
717 723
782 51
330 978
293 46
801 634
815 169
710 305
531 350
924 375
196 974
88 207
722 850
793 564
524 609
795 450
727 903
321 607
658 950
163 364
843 510
795 371
300 947
317 523
653 113
395 833
126 357
24 533
280 703
210 540
337 434
600 328
747 235
951 509
845 602
650 600
598 838
897 929
576 352
300 96
447 275
908 359
751 449
880 694
720 667
314 196
685 83
565 525
858 569
430 18
661 26
936 759
975 702
615 359
356 546
927 827
475 1000
93 601
149 359
780 527
345 388
72 332
638 702
256 258
169 615
437 454
416 216
91 838
919 718
556 772
631 320
488 447
191 291
29 132
203 145
354 287
282 544
564 190
237 434
331 53
939 434
298 310
541 154
911 332
398 869
926 801
274 463
781 794
153 678
668 3
821 555
93 388
485 435
792 735
508 925
18 859
594 762
991 268
532 60
190 549
239 652
684 783
460 859
905 674
121 37
249 984
452 731
469 739
917 639
685 499
194 538
789 437
910 652
338 113
469 965
77 468
816 332
173 65
270 869
732 208
421 819
561 24
870 98
673 678
140 669
489 5
373 259
60 647
419 302
975 749
580 147
998 660
121 722
26 787
603 722
180 513
475 71
432 693
379 419
403 147
703 804
545 334
428 454
600 783
492 529
517 928
518 123
760 725
313 27
746 488
76 124
589 14
938 262
191 246
284 436
116 475
952 406
955 797
886 611
597 500
262 615
964 581
34 542
308 417
627 645
8 445
322 261
450 846
969 966
971 176
809 813
631 74
388 424
743 652
799 910
835 577
599 424
624 796
677 366
235 447
478 19
123 704
948 279
923 83
84 221
14 256
844 759
884 516
980 23
395 939
735 879
867 447
61 364
47 297
930 597
883 629
684 898
131 770
448 910
927 302
773 415
676 238
788 928
679 997
577 615
962 851
368 508
384 858
456 24
978 389
358 483
586 846
989 259
723 427
372 315
120 212
50 515
803 451
987 366
201 437
681 995
742 212
64 756
871 944
158 37
54 202
635 641
393 884
514 763
717 411
440 313
920 67
812 433
281 527
781 958
854 732
450 238
603 476
752 818
826 373
171 72
427 226
502 698
266 300
664 503
946 801
618 514
204 103
977 743
960 973
155 365
997 902
848 146
227 47
504 680
446 271
606 489
734 674
313 602
373 490
777 491
136 358
692 210
820 399
344 64
274 279
298 237
95 253
8 183
751 363
908 986
783 426
507 525
348 564
244 584
174 887
636 550
520 161
95 403
406 90
728 4
212 157
486 788
732 596
843 469
719 334
166 634
261 930
512 864
916 803
733 446
538 188
250 14
188 885
481 229
500 7
267 366
394 130
281 62
221 376
102 166
710 801
987 428
235 451
733 64
297 804
963 455
121 424
394 175
116 245
369 671
379 525
34 160
449 639
604 241
239 94
759 919
544 876
444 898
30 95
287 564
346 144
646 901
635 538
393 993
627 430
262 781
29 14
235 27
152 743
381 387
750 27
441 719
557 649
706 197
545 193
657 527
360 921
514 944
271 279
203 69
448 364
912 731
87 719
110 100
825 418
280 340
903 919
260 171
706 487
672 59
801 409
201 757
476 553
22 997
286 830
69 438
820 274
606 231
255 158
844 680
369 520
368 664
649 942
500 470
709 742
451 778
473 538
957 504
525 212
304 472
452 736
700 94
719 290
187 373
6 715
957 361
524 815
709 280
609 977
982 772
966 505
953 814
475 446
477 196
906 604
524 995
645 550
323 738
141 429
605 200
719 64
900 942
600 504
718 264
122 900
372 204
279 656
359 881
722 70
814 654
393 722
750 520
534 281
283 565
215 116
362 728
509 791
902 108
480 515
689 369
197 682
806 520
953 196
145 727
497 192
212 584
744 351
66 375
769 612
234 673
155 567
907 740
161 410
329 748
673 39
969 856
716 451
903 383
910 498
942 901
669 979
341 2
179 347
731 339
551 403
844 415
147 825
578 111
817 977
198 292
456 835
790 696
166 198
282 963
532 563
75 184
536 694
956 775
188 505
482 154
641 825
236 397
310 409
631 820
2 838
247 527
588 713
750 187
559 56
961 985
446 771
512 546
348 789
754 816
277 287
656 248
50 171
745 360
586 73
509 262
19 924
494 629
214 805
344 739
456 509
215 325
343 368
605 93
219 782
686 262
672 848
413 866
626 767
846 456
918 981
99 837
798 367
376 914
674 329
124 752
675 224
826 124
129 196
194 994
285 473
198 922
1 121
744 300
376 624
752 791
208 89
371 695
134 369
198 836
569 432
147 6
412 370
167 251
405 706
789 847
337 660
838 884
544 737
925 444
661 610
425 138
725 287
344 502
644 235
921 874
578 115
464 575
874 970
484 562
982 273
749 506
731 531
381 918
365 497
863 118
131 329
5 672
771 377
79 692
304 642
175 129
197 345
588 670
516 18
114 789
888 576
504 841
875 202
583 149
514 444
607 275
459 547
23 162
283 721
891 548
839 956
589 937
992 861
336 785
181 873
956 998
337 505
944 687
466 31
125 378
418 858
898 208
311 456
162 834
999 280
124 566
965 152
16 865
346 488
733 236
564 633
832 707
745 294
345 688
287 829
314 253
759 797
376 942
548 406
897 138
441 246
775 169
778 159
357 394
342 310
150 841
29 952
260 254
143 176
660 14
691 787
370 80
1000 33
600 923
30 258
147 34
601 931
801 33
820 251
712 452
108 693
133 172
411 774
639 780
644 312
773 92
246 350
385 559
40 971
266 682
840 914
606 377
878 642
480 842
729 82
69 465
398 973
682 312
114 934
263 619
1 399
243 403
183 766
274 566
294 573
705 378
500 248
943 160
801 847
785 194
128 715
867 474
727 850
177 146
168 363
666 502
284 543
155 744
432 288
535 216
331 870
82 160
118 610
304 234
840 268
439 212
978 102
281 174
64 554
844 785
894 82
435 949
2 784
262 471
467 721
906 874
410 637
361 9
665 449
489 365
256 26
510 565
96 473
521 143
7 807
640 176
953 175
682 535
919 966
427 514
544 988
52 291
659 509
933 742
935 88
830 374
99 712
560 342
548 767
494 363
242 192
479 253
172 539
928 345
69 881
195 714
752 573
824 154
459 104
186 907
80 378
134 603
228 258
321 96
142 118
949 366
308 410
131 483
521 47
740 421
338 805
530 224
812 873
890 377
339 757
585 717
160 256
554 176
337 390
530 73
326 44
681 51
293 189
496 263
848 556
53 797
611 799
631 704
391 497
840 763
697 810
572 146
386 19
664 251
301 388
547 500
316 838
594 969
978 296
376 42
529 818
288 864
629 193
885 375
906 556
64 647
687 417
528 118
983 974
324 217
879 649
348 199
116 91
674 572
139 36
417 346
453 396
353 552
45 306
875 623
569 584
976 966
464 234
428 333
671 147
927 805
142 615
641 68
517 569
77 114
264 721
746 355
655 943
290 285
124 715
315 525
152 294
744 320
119 328
502 624
146 316
536 76
294 332
132 383
316 652
562 726
360 871
549 603
911 100
161 960
385 834
594 39
869 682
708 616
105 693
434 421
203 755
963 593
207 616
759 47
820 465
640 631
164 413
347 769
900 41
83 551
725 92
728 304
472 494
400 379
787 889
645 379
887 312
212 496
183 689
19 592
849 957
482 778
839 842
342 742
844 604
433 448
302 80
533 732
790 229
640 914
667 874
904 616
944 565
176 655
672 516
31 771
399 879
111 561
754 896
693 295
462 133
214 826
948 992
635 280
348 52
98 559
451 293
859 672
219 769
957 672
576 334
188 540
700 319
403 169
201 415
79 474
642 1000
682 717
572 617
167 775
495 394
405 894
926 48
333 492
502 557
854 694
731 57
124 906
275 463
756 668
24 205
498 188
150 797
669 227
872 497
472 580
285 250
768 220
642 701
116 738
464 387
372 788
618 556
802 311
472 910
273 675
221 877
740 31
669 5
392 79
229 542
782 348
584 739
986 187
125 817
94 404
904 234
134 547
429 689
606 26
285 909
36 533
118 185
101 695
66 796
431 20
39 627
912 128
354 3
464 975
213 844
731 899
435 254
74 212
17 616
567 642
658 218
736 646
398 609
684 862
114 786
444 231
943 143
31 961
639 316
306 192
788 844
624 310
629 502
905 732
691 207
914 530
148 594
554 573
614 453
27 727
391 334
419 1
160 891
41 535
300 772
637 557
272 365
587 487
944 319
697 878
917 484
385 179
224 901
564 879
644 623
87 463
966 627
324 899
132 755
684 448
634 963
214 403
702 676
197 702
815 911
674 477
124 388
91 117
437 97
229 330
797 257
321 456
138 942
566 198
536 21
186 658
848 692
246 514
156 318
194 233
711 588
815 594
873 965
692 271
751 878
75 263
721 265
872 139
154 773
507 176
604 706
830 4
868 351
504 682
179 402
199 47
644 200
596 577
991 950
467 399
623 580
165 124
945 41
152 841
178 249
621 163
786 504
715 34
199 845
344 864
199 738
39 885
830 576
784 872
225 376
110 998
535 501
370 819
682 50
585 876
439 49
595 455
10 627
728 804
12 37
197 239
527 67
918 193
257 250
116 465
766 9
10 450
46 508
766 399
180 822
568 892
110 691
292 900
224 923
153 506
102 55
396 682
456 133
372 281
654 793
399 490
194 575
8 989
638 935
592 523
665 369
845 929
482 2
765 32
860 276
842 827
993 701
868 831
561 913
800 567
928 636
413 508
146 729
33 201
455 246
972 988
845 426
48 522
530 386
640 334
18 174
346 803
407 480
981 971
952 63
806 174
455 20
251 339
734 668
739 230
188 352
883 67
217 208
239 919
363 199
188 471
763 365
855 450
718 803
520 240
117 472
136 761
265 987
305 742
253 680
549 75
870 335
455 600
919 73
260 602
836 761
726 573
909 115
412 909
538 367
645 585
600 220
598 635
549 173
74 367
16 688
745 562
232 667
433 100
126 251
418 784
382 65
438 215
810 680
168 471
603 423
478 692
941 196
27 524
318 376
59 408
9 588
556 58
901 854
922 275
210 225
710 658
768 693
737 711
98 874
851 280
689 405
263 254
259 775
477 801
434 963
458 950
718 40
955 310
370 362
528 641
518 858
500 729
674 402
142 612
306 814
2 68
684 31
748 100
523 155
559 809
930 123
785 932
637 870
918 664
479 818
975 985
462 516
726 465
265 768
802 417
18 496
77 851
575 212
742 591
215 709
808 845
290 764
972 960
864 729
277 434
680 307
958 183
545 114
327 684
526 346
96 512
97 651
722 682
327 926
69 741
971 137
311 680
38 32
593 671
151 771
632 835
248 888
359 668
622 866
91 662
773 804
402 862
541 264
389 555
818 655
250 61
86 431
624 834
623 636
312 600
352 517
286 792
472 414
19 595
53 259
923 249
706 747
736 618
292 24
131 922
167 249
832 61
575 991
653 1
66 765
31 893
801 886
788 792
680 97
225 68
628 654
425 522
748 272
272 243
443 122
140 954
642 84
224 11
421 943
500 1000
379 745
92 50
21 250
168 578
667 568
172 122
817 107
819 997
400 629
167 689
393 716
11 141
15 589
739 975
755 912
594 494
25 793
194 992
345 628
91 104
443 116
347 130
403 148
702 536
81 82
9 116
396 807
56 880
20 139
414 903
189 301
955 673
9 239
337 650
490 787
809 624
312 56
756 947
960 996
542 274
29 357
731 375
701 403
294 75
887 72
572 943
429 688
530 349
804 908
952 247
403 705
868 267
598 116
491 264
878 740
570 669
905 400
31 674
692 872
160 329
515 721
790 565
39 963
153 560
170 638
559 248
778 881
951 110
91 325
109 888
889 495
597 934
781 31
966 37
888 689
521 95
982 979
680 93
213 8
607 418
240 724
226 411
961 596
802 720
361 352
355 177
54 653
79 234
409 26
785 407
171 624
637 669
124 560
987 498
236 244
449 999
28 986
968 5
785 689
604 126
427 936
798 329
731 610
91 455
73 624
239 71
918 614
209 112
617 115
910 950
929 450
919 956
793 504
91 229
54 491
975 913
389 30
454 572
927 150
610 895
924 820
891 203
912 980
274 225
38 142
961 313
247 28
18 978
786 836
461 101
510 452
622 939
625 69
91 673
19 316
162 41
757 576
194 928
501 258
781 464
305 543
128 121
434 253
52 828
916 933
4 191
748 148
364 141
386 779
963 194
813 976
170 594
62 604
732 672
164 180
187 765
45 759
926 768
909 78
415 261
511 172
282 74
966 400
326 883
627 113
421 517
989 66
918 198
650 928
465 302
211 446
819 575
475 373
901 881
386 478
704 333
567 218
239 133
362 525
358 285
882 411
495 92
741 340
462 271
33 381
556 111
281 639
873 245
86 762
342 336
788 106
441 897
66 366
413 507
824 446
344 13
384 751
205 140
32 273
307 921
473 385
208 946
669 91
962 199
319 838
659 221
700 823
440 165
665 672
860 435
70 603
368 391
539 480
901 137
248 861
857 197
872 508
40 937
331 154
852 968
174 692
144 903
718 945
524 602
844 683
866 111
848 558
753 431
464 807
728 116
502 355
50 416
605 434
182 621
833 47
149 604
603 83
601 283
876 235
231 149
919 880
130 123
314 652
261 899
482 582
763 571
340 344
550 767
348 931
67 605
908 61
34 398
366 587
991 1000
390 331
802 907
145 952
186 164
634 550
358 430
803 15
842 491
550 808
257 439
573 649
8 875
595 177
888 165
444 835
103 510
766 138
72 402
860 219
111 979
332 988
816 17
104 771
200 310
953 344
972 652
974 454
637 24
103 732
538 629
798 931
546 72
788 253
293 569
591 803
962 184
303 496
57 222
665 543
705 730
541 116
9 67
156 150
48 567
814 920
565 126
472 803
661 587
496 153
976 403
208 813
730 174
825 338
165 209
38 33
829 298
905 234
363 344
867 88
230 904
766 814
17 107
861 618
843 35
122 467
922 670
170 667
65 359
598 331
107 236
734 411
494 816
649 975
10 839
88 175
960 578
53 895
257 934
115 662
929 370
279 269
709 360
340 269
309 890
397 328
933 272
357 590
399 612
286 586
822 520
288 799
130 206
116 411
686 43
745 557
304 293
430 869
822 699
839 763
515 193
663 329
764 654
286 356
487 733
749 778
418 932
456 79
537 426
421 831
280 957
667 571
500 792
194 735
853 796
889 912
920 333
370 316
133 608
391 896
429 333
474 494
572 619
186 410
833 813
25 792
890 950
300 358
251 752
380 980
769 489
733 984
313 21
811 882
63 193
377 842
285 71
786 556
345 484
453 785
66 342
324 386
731 424
734 793
229 453
920 777
161 443
702 202
498 924
778 314
172 733
324 800
791 804
167 474
26 666
958 35
815 414
691 740
782 205
195 144
701 259
186 816
908 675
804 540
253 506
558 528
598 228
397 51
862 185
801 567
549 945
246 166
164 145
786 484
648 350
118 968
676 308
170 612
891 569
758 779
495 456
942 66
608 672
400 805
274 770
651 476
889 185
487 368
126 48
497 870
901 796
684 668
978 385
447 710
915 656
219 879
257 78
480 369
447 343
799 2
768 894
662 286
422 531
594 64
833 920
798 2
641 959
36 874
909 719
58 787
617 114
559 883
266 502
432 978
418 285
211 225
593 137
223 594
150 844
122 675
564 460
158 203
894 753
739 560
873 826
143 34
739 897
607 188
372 874
947 588
768 297
308 18
237 84
691 595
530 303
125 767
773 89
740 396
208 757
359 598
469 242
644 202
645 159
350 175
408 946
155 399
898 866
780 467
539 293
922 679
623 88
687 997
526 93
178 247
450 624
14 369
408 576
311 433
97 781
938 717
574 687
616 575
914 338
454 411
847 656
689 594
819 499
692 611
89 722
897 525
550 321
112 349
59 294
45 28
942 495
249 916
196 757
804 500
757 52
685 311
746 807
837 140
487 263
914 647
590 563
851 32
887 806
413 517
125 283
586 799
400 656
518 240
116 66
452 76
806 951
77 361
573 612
105 96
513 153
590 921
498 401
63 827
16 622
55 647
262 467
685 780
229 144
394 167
345 435
16 765
592 668
872 444
200 505
268 838
485 472
582 958
919 673
581 154
264 997
302 669
527 428
225 258
582 969
398 112
77 655
817 856
325 661
403 651
407 339
924 63
563 489
322 329
152 579
657 813
749 447
142 151
550 48
148 976
990 955
813 930
976 358
924 477
765 821
809 11
935 946
444 58
743 438
516 720
676 509
827 635
222 867
973 921
335 384
636 693
196 602
474 804
917 614
499 651
260 747
931 938
322 956
913 775
733 414
17 286
461 763
172 370
799 279
470 651
514 133
570 706
832 762
275 568
23 965
742 295
687 418
301 163
215 445
987 396
595 195
925 713
422 968
564 801
340 797
591 292
632 171
522 484
266 63
399 377
367 181
668 694
747 699
785 922
842 861
663 857
247 304
450 210
569 408
643 993
660 961
882 241
898 842
704 901
389 85
172 619
928 454
731 508
419 962
170 68
570 488
703 195
482 453
212 686
96 915
434 307
696 226
606 421
183 528
829 410
481 756
635 471
434 130
92 938
293 205
778 859
527 836
933 61
165 899
442 632
4 263
813 535
207 312
762 995
967 274
61 323
706 536
636 729
552 174
145 744
884 707
562 123
641 584
501 88
7 279
887 889
361 283
642 921
35 86
737 80
992 612
780 228
853 938
114 136
698 877
314 114
41 730
978 45
465 390
513 336
876 652
327 792
471 25
439 575
262 28
211 964
516 130
261 348
372 625
945 751
881 745
703 944
63 81
636 373
836 343
655 829
488 509
255 51
881 378
589 9
928 277
657 681
214 54
949 385
609 804
189 268
742 760
356 259
525 802
714 701
312 937
468 820
565 194
434 324
400 444
952 249
601 150
378 25
549 862
333 278
753 619
130 764
313 690
830 841
578 254
652 601
209 769
728 271
395 704
38 268
454 45
44 809
329 952
790 442
590 114
624 78
211 70
414 229
93 54
511 283
974 929
611 937
25 270
393 972
163 440
673 29
386 329
480 20
816 414
779 738
528 34
770 132
783 902
733 119
455 226
723 449
615 119
414 410
769 185
733 232
456 108
229 409
727 398
139 97
326 949
362 890
99 332
722 10
391 783
31 292
737 463
646 771
349 897
190 415
617 113
127 865
703 151
424 835
820 180
774 103
704 815
372 597
800 558
546 30
968 884
860 418
665 692
697 423
158 347
329 859
897 473
147 38
973 334
612 402
342 135
513 745
238 852
647 546
282 754
345 18
627 612
937 627
920 516
281 226
856 642
801 263
915 267
916 560
757 590
683 871
990 988
95 248
839 52
105 940
151 43
465 864
52 604
18 668
40 124
900 258
667 9
481 30
528 721
1000 814
286 737
931 748
418 553
154 31
562 432
413 738
89 578
241 987
352 412
887 29
178 312
477 675
823 168
731 730
845 688
230 768
758 903
144 263
589 683
515 280
167 533
519 704
723 477
941 110
673 752
449 509
84 545
16 833
950 196
474 645
448 343
955 190
663 737
868 629
551 656
524 169
138 508
379 512
140 674
309 373
113 604
423 461
360 435
453 694
57 373
111 46
370 212
116 912
524 399
216 786
261 578
751 254
837 308
132 496
483 284
837 574
668 625
25 753
209 380
713 700
808 852
682 821
26 817
384 94
961 362
815 627
798 871
119 55
564 160
947 728
431 491
626 425
40 540
611 327
753 219
709 830
138 741
748 980
36 102
240 195
244 651
614 885
400 275
257 702
248 590
341 316
972 498
64 223
541 579
320 73
526 425
412 537
236 309
753 741
810 612
745 789
253 707
993 455
5 791
724 81
943 817
323 600
505 285
206 780
666 470
794 3
9 496
651 406
409 39
605 195
310 481
182 698
447 648
953 531
326 639
872 989
928 991
874 119
413 921
24 772
567 56
769 225
823 82
370 278
978 217
459 599
798 372
486 448
312 483
225 755
320 958
45 447
543 448
858 434
569 701
676 743
493 365
996 260
245 776
431 587
492 555
55 539
39 182
685 640
9 359
446 140
319 902
727 5
738 32
302 847
85 325
985 719
656 793
790 657
811 71
26 789
498 886
687 600
264 898
269 399
60 628
901 90
691 650
194 462
96 916
481 666
99 87
887 22
841 313
142 193
470 21
535 634
762 876
544 23
670 699
502 474
472 498
254 684
292 103
761 428
562 647
400 142
793 617
26 376
979 338
762 78
174 944
204 767
853 742
54 565
680 100
112 358
240 683
991 552
685 493
907 540
303 618
571 266
554 724
980 334
448 983
151 948
168 518
885 343
525 294
768 741
309 651
832 764
617 890
994 514
336 974
71 736
9 417
11 287
894 328
882 304
683 289
115 355
461 179
674 36
841 557
660 119
627 508
954 788
349 862
502 592
360 169
751 935
57 143
39 43
43 940
267 676
492 301
248 953
579 159
963 764
179 269
307 832
476 857
166 5
332 492
601 868
731 761
145 254
787 187
240 188
826 671
259 370
901 207
247 859
378 38
714 924
807 661
632 977
585 649
71 158
44 259
496 500
459 760
425 824
155 195
801 565
35 569
496 323
283 295
875 193
857 846
350 269
978 714
795 384
870 964
166 385
457 201
667 842
413 654
732 876
126 167
898 58
738 317
148 289
31 112
128 945
497 758
404 806
611 646
704 356
153 482
263 29
927 74
139 75
876 610
381 92
920 316
333 217
225 432
245 573
201 447
475 8
718 244
357 213
300 437
893 655
751 372
842 688
147 474
901 589
190 412
823 696
972 726
129 852
709 965
775 309
63 231
673 791
125 810
163 725
728 70
320 644
548 704
932 871
542 482
527 330
858 63
113 76
657 781
136 133
411 797
843 830
476 829
351 111
62 150
874 920
599 469
985 33
977 581
147 543
566 689
863 81
810 367
5 655
388 281
598 262
782 969
995 647
689 711
796 829
173 611
362 505
986 735
944 201
607 237
168 50
795 511
652 348
46 183
676 298
808 98
827 974
481 976
376 420
141 306
969 433
140 190
92 288
310 363
607 387
23 818
795 285
46 401
800 296
766 288
418 776
954 438
205 720
685 326
317 706
658 766
609 84
558 415
851 147
634 513
729 819
141 613
201 458
13 48
794 369
615 235
929 478
358 272
200 142
846 5
684 416
704 622
889 550
102 789
431 961
655 954
885 865
336 461
159 587
66 267
77 986
370 36
501 830
394 308
397 979
73 883
57 86
402 812
651 868
949 87
734 983
203 797
773 153
647 752
62 80
281 783
375 59
638 615
531 939
772 327
5 999
132 166
687 564
228 271
636 156
873 566
536 898
309 794
777 440
853 141
237 344
402 303
86 391
400 276
329 434
667 502
562 736
834 349
946 32
805 76
678 202
919 212
118 772
744 594
174 917
505 450
942 6
861 805
274 535
204 724
244 985
1 407
987 883
870 908
413 709
519 557
63 645
245 290
46 429
54 840
182 317
457 786
679 939
120 52
27 512
913 551
475 338
242 635
993 785
42 412
465 408
672 560
376 781
103 362
663 516
282 687
775 974
335 631
547 55
875 610
163 830
52 494
290 423
916 87
721 905
59 750
150 667
214 118
471 341
717 93
994 802
777 792
816 882
191 74
690 791
329 897
626 153
510 151
394 570
890 738
85 324
360 221
274 149
368 760
118 436
209 488
184 310
621 291
164 676
169 778
730 247
170 469
964 767
324 862
493 833
631 127
201 127
925 756
801 330
181 612
977 979
590 749
65 459
529 324
269 193
60 754
57 671
614 865
316 188
728 164
310 826
32 875
676 396
217 417
404 719
870 489
776 378
487 26
564 968
921 460
154 37
805 834
438 917
990 326
918 419
164 516
79 109
943 766
6 971
888 486
46 312
125 449
452 119
295 491
922 371
396 622
419 471
684 473
280 47
286 248
923 839
671 237
124 270
819 790
289 807
860 186
366 823
348 454
880 369
523 42
524 449
910 990
418 244
536 399
95 556
171 468
63 194
639 3
543 308
893 175
189 552
172 954
584 186
238 207
759 379
618 553
488 270
809 628
460 204
887 215
325 730
234 929
734 574
271 292
701 431
612 222
394 689
130 587
203 3
575 315
522 693
728 354
599 417
402 375
639 508
994 509
522 516
597 64
179 91
87 866
40 243
911 749
369 633
524 541
265 902
361 953
303 954
107 205
307 319
681 14
700 318
500 401
61 244
453 122
936 92
314 720
943 17
98 379
619 199
47 310
585 891
508 670
697 869
700 28
850 401
864 777
709 474
124 878
54 641
239 399
150 148
295 189
658 667
216 771
976 726
813 61
528 179
841 908
181 435
668 939
64 627
770 898
266 389
396 530
842 558
400 597
370 351
88 221
710 617
125 199
331 428
721 832
629 599
504 835
744 511
1 570
68 825
595 584
891 481
615 422
255 846
242 71
307 897
437 270
564 351
717 839
848 250
830 446
143 461
995 202
463 544
672 167
191 497
144 512
491 347
734 677
406 640
340 140
838 647
964 356
881 160
725 31
183 583
455 738
493 555
260 988
210 547
230 269
197 295
737 722
130 480
739 316
500 360
637 889
247 717
175 272
896 855
809 206
387 352
740 850
432 361
419 83
75 565
867 593
779 691
177 229
620 783
821 119
277 194
914 789
810 962
261 734
10 350
728 583
340 917
894 84
290 190
128 781
457 599
901 910
764 544
488 891
31 373
536 297
275 703
992 443
901 543
559 931
484 207
910 999
841 650
637 70
172 860
86 766
638 827
397 833
713 576
253 263
533 437
458 881
789 489
95 612
168 971
691 869
379 209
418 431
479 874
940 488
134 307
930 306
454 540
498 848
961 360
662 2
639 857
547 551
307 778
950 544
960 544
953 717
838 961
170 385
388 472
523 655
999 726
621 96
141 534
570 750
41 500
726 997
910 236
535 705
4 159
339 872
929 566
628 930
79 874
500 477
69 320
363 47
112 237
723 959
891 629
14 626
109 720
867 508
207 71
391 380
801 990
23 849
430 845
785 450
601 137
275 908
296 657
825 558
745 454
743 119
230 14
641 259
145 956
168 619
304 27
111 878
516 852
295 438
43 390
462 508
102 935
450 412
138 696
125 30
256 77
208 342
335 743
488 230
507 322
492 662
788 411
877 189
756 279
214 426
479 752
485 263
586 754
719 562
741 86
484 961
926 248
416 353
109 300
113 809
206 530
834 843
748 645
929 37
124 175
964 12
678 728
572 514
365 83
534 860
648 923
939 140
209 495
562 727
764 127
848 194
696 118
53 391
786 831
638 896
994 359
844 380
339 550
375 316
930 683
290 842
388 323
942 622
501 198
175 5
70 869
863 869
204 539
688 70
333 425
662 744
511 2
115 749
870 591
212 109
362 318
783 536
161 825
291 886
572 221
130 424
222 834
369 702
1000 872
509 430
164 95
58 710
956 211
98 711
939 903
889 48
8 942
609 177
336 955
707 732
644 676
12 234
540 138
704 282
486 128
931 21
879 683
680 275
628 489
917 952
268 506
850 95
708 321
436 524
71 943
609 268
718 158
849 285
759 822
137 617
300 467
379 458
90 907
555 591
100 352
962 583
120 414
640 104
765 114
881 541
755 4
578 535
105 351
691 451
659 458
53 39
111 209
774 9
926 770
138 871
746 464
407 769
884 599
299 312
797 89
601 264
623 219
146 429
554 318
517 842
954 628
21 923
540 765
869 359
104 319
216 409
252 367
713 971
901 378
208 781
282 524
143 827
679 379
772 431
315 997
982 296
804 432
791 754
593 527
978 791
796 164
445 434
175 25
235 770
603 118
597 48
212 18
549 957
273 370
40 131
169 289
121 88
529 65
107 93
418 512
382 849
679 703
867 423
45 799
106 799
733 854
452 807
878 805
917 667
311 252
918 76
556 832
443 44
250 542
382 51
202 669
790 10
23 921
637 551
430 901
720 829
172 452
466 169
289 736
200 5
314 21
206 31
708 421
699 170
229 23
822 84
129 825
820 218
841 371
391 665
177 533
369 365
81 433
869 40
686 630
394 286
697 159
716 717
539 844
212 924
547 701
890 539
892 125
19 101
901 15
647 543
264 92
63 340
105 742
17 644
338 39
717 983
703 260
299 706
122 867
947 878
341 451
307 207
145 216
39 700
705 928
636 856
286 955
394 805
701 619
136 814
240 41
641 372
398 980
494 893
724 346
467 243
588 697
383 15
629 291
386 919
390 951
454 302
957 349
585 790
838 64
516 460
918 104
921 7
453 444
21 298
286 390
861 18
809 774
633 243
444 598
482 641
279 693
398 436
484 490
267 68
604 427
271 532
879 739
628 33
422 928
78 6
614 84
177 343
968 38
453 546
238 328
534 373
721 786
779 126
530 824
451 1
713 502
88 977
771 722
738 771
206 789
9 511
674 507
17 804
569 279
362 639
185 30
24 156
613 230
116 514
768 235
788 230
972 843
590 302
5 156
647 349
25 758
194 199
603 161
524 379
200 588
385 718
884 231
561 629
787 23
535 909
60 595
441 727
768 440
544 415
429 755
543 835
913 302
990 812
847 941
609 357
192 889
910 183
887 337
88 954
880 438
274 371
792 716
761 405
429 917
819 53
643 280
53 757
352 750
444 54
959 753
402 502
804 310
992 574
790 353
439 333
745 794
503 842
197 427
199 589
383 432
129 787
945 345
177 183
660 779
382 248
936 164
277 372
943 53
962 956
812 496
291 8
534 68
40 264
413 96
704 319
814 500
941 62
923 607
619 428
306 631
325 297
55 80
162 160
334 25
279 680
284 886
552 1000
881 790
658 60
664 972
560 813
443 419
686 349
447 363
287 754
691 804
349 597
375 981
66 577
271 782
533 103
113 718
241 401
665 343
357 459
488 118
694 986
592 892
296 993
777 798
885 805
265 242
48 718
587 947
289 212
542 118
209 349
82 997
449 494
235 509
164 855
742 371
61 697
597 487
604 529
734 576
971 318
147 976
976 392
575 432
118 293
660 658
517 119
847 784
994 356
575 257
160 436
624 745
400 483
623 533
421 51
938 879
772 533
388 332
639 547
235 793
516 64
627 895
482 146
504 966
729 147
914 109
110 19
899 233
468 311
800 354
179 799
71 469
457 65
611 800
334 697
886 506
819 303
188 838
7 732
641 588
772 158
145 637
241 992
724 927
762 414
983 634
850 205
387 601
239 331
816 212
64 617
483 397
909 597
703 585
444 892
413 235
289 805
811 984
800 805
45 416
48 396
102 723
408 478
781 913
358 568
752 783
814 678
617 494
778 453
670 79
214 219
670 55
510 854
692 471
730 109
644 512
702 207
477 369
891 146
604 757
290 909
94 415
541 196
657 975
352 985
792 614
11 901
229 761
342 968
759 384
630 287
961 226
587 380
62 426
619 923
545 604
553 57
662 757
205 886
278 130
524 750
546 914
283 312
767 496
112 310
130 397
226 290
269 854
626 503
571 442
832 910
202 130
563 703
805 582
76 858
832 684
281 218
245 649
229 308
339 460
823 102
812 245
336 710
505 933
988 982
550 885
383 908
59 842
45 371
927 853
971 813
312 414
310 889
426 362
669 446
634 829
46 935
341 541
379 326
785 981
499 408
972 721
315 898
782 174
599 914
121 983
713 571
167 682
242 69
333 282
480 946
29 33
433 920
124 97
215 794
65 885
747 933
553 968
402 36
350 886
96 881
351 475
400 256
651 603
420 576
293 478
8 66
743 858
100 808
136 373
692 52
346 616
423 732
211 517
783 268
754 428
425 904
407 40
502 238
14 378
108 113
688 807
131 58
319 161
415 370
322 637
965 800
738 250
668 857
201 28
704 165
723 131
528 499
512 1000
69 29
641 692
34 108
240 581
44 333
851 39
819 517
659 984
567 163
658 765
219 977
20 678
936 999
702 926
49 178
233 173
803 25
870 9
435 957
789 214
242 677
30 170
345 660
950 75
77 245
137 672
618 427
51 806
713 501
732 439
301 300
931 432
923 958
722 282
203 560
111 155
258 851
298 772
385 604
25 757
651 665
781 810
530 618
108 514
199 341
238 133
702 308
872 95
856 580
468 650
933 960
289 61
326 92
275 234
497 398
639 808
985 401
241 292
449 220
288 222
222 443
773 969
74 838
748 275
784 542
431 213
365 433
353 297
982 704
71 355
274 643
355 500
670 893
930 982
719 388
421 705
204 727
931 652
932 211
790 209
59 345
136 990
232 883
71 534
617 608
876 391
605 223
845 592
644 525
373 395
139 207
294 420
895 266
867 595
680 313
228 549
358 416
876 677
452 508
174 201
581 904
541 110
665 421
248 924
120 388
290 418
555 498
234 519
79 233
826 323
629 702
762 583
997 186
485 406
747 847
328 566
199 424
492 438
826 306
223 294
600 256
522 43
405 693
377 914
468 575
125 576
218 162
221 769
203 826
294 215
939 142
383 664
816 595
446 402
285 816
986 175
125 561
701 392
977 686
138 562
714 533
71 885
208 814
493 830
791 635
175 737
226 987
852 527
193 2
806 92
423 740
562 560
711 81
490 599
550 81
990 920
590 704
227 332
156 848
585 610
876 39
576 875
925 288
687 9
728 86
801 670
640 796
281 347
700 388
738 51
294 637
726 592
468 320
791 172
357 584
953 849
519 614
558 248
62 971
671 827
932 469
898 197
974 872
187 118
831 673
558 107
319 413
690 355
596 561
461 998
701 609
760 35
120 194
746 26
729 872
237 661
202 936
663 549
522 395
81 169
512 365
8 924
462 329
963 164
506 953
712 100
56 904
601 684
375 809
507 465
271 914
898 696
81 484
851 648
516 804
579 623
7 495
147 17
673 536
56 609
321 262
565 43
646 356
868 220
834 988
262 605
449 122
583 699
808 703
471 969
916 682
373 715
283 255
123 508
36 541
455 469
956 734
683 894
26 535
498 632
967 62
882 722
352 585
939 537
887 359
174 758
1000 537
183 632
424 85
623 782
495 687
757 824
851 108
598 472
947 208
277 457
799 436
31 862
602 902
767 64
434 788
680 68
170 810
176 675
322 993
553 473
37 602
807 322
426 791
274 746
482 763
762 36
289 629
399 760
166 897
507 308
39 942
923 518
949 522
699 63
385 139
439 888
997 830
194 573
556 31
332 915
281 507
785 827
974 401
906 81
590 188
46 932
820 575
803 299
661 201
720 379
539 977
901 730
828 881
945 526
930 186
399 45
117 64
869 423
446 72
138 793
342 41
169 933
522 995
137 71
911 55
551 108
151 449
773 50
317 342
119 46
895 665
368 402
83 905
928 20
433 714
360 566
434 357
696 48
880 317
787 219
735 241
832 432
887 474
374 11
697 714
237 257
682 414
186 689
830 878
557 974
688 771
672 408
212 449
718 975
978 904
120 608
390 561
693 858
486 691
107 170
240 777
5 941
373 227
11 544
454 300
360 228
442 428
814 188
887 542
893 605
163 458
606 930
365 784
371 367
504 76
983 588
568 917
917 302
538 53
794 91
717 152
687 404
780 218
653 292
451 340
935 958
37 719
996 696
889 968
290 524
77 355
707 948
157 395
54 61
632 149
371 939
372 400
973 105
395 363
487 961
181 182
363 465
370 209
284 673
410 868
431 946
508 71
682 540
774 68
243 274
25 587
707 99
1000 247
33 80
877 687
74 812
915 878
316 737
189 621
63 700
817 624
801 107
765 282
640 471
865 920
826 398
220 913
955 750
868 5
635 882
742 554
857 300
195 693
323 392
199 229
290 579
535 911
539 584
332 458
482 315
744 922
621 460
42 870
636 134
511 676
173 859
818 528
449 211
341 485
126 837
657 518
105 705
316 805
703 395
890 142
526 144
930 757
71 205
39 563
957 44
980 444
320 223
528 532
505 85
681 58
365 577
493 524
739 460
463 603
451 756
329 144
19 684
738 577
204 720
689 624
874 444
31 897
343 915
456 540
735 681
349 126
22 76
231 865
26 3
909 252
303 605
417 429
917 721
370 734
810 643
164 580
241 843
511 431
897 958
884 58
131 610
354 960
620 524
15 960
736 113
189 973
478 990
390 108
820 721
729 956
181 281
786 14
665 420
621 894
841 683
842 756
592 751
220 672
459 472
243 321
336 429
615 489
262 194
624 824
677 938
234 516
381 467
54 315
517 945
39 173
893 376
821 459
533 327
368 621
195 865
262 743
238 166
111 412
186 965
726 796
618 576
485 631
511 715
717 780
991 189
812 544
905 130
100 786
462 857
526 850
982 400
655 106
549 723
142 91
398 193
955 1000
388 447
378 15
503 918
165 171
593 544
334 882
333 869
355 309
429 614
719 67
14 384
970 346
18 831
187 604
925 530
527 834
287 489
809 105
481 488
217 470
688 963
914 288
874 400
191 974
231 13
658 913
842 114
930 247
956 238
802 708
676 253
879 982
720 965
206 356
564 561
922 204
2 830
186 67
813 102
191 858
881 816
127 512
721 719
208 422
675 234
604 28
646 793
495 413
381 262
24 167
940 141
85 514
690 932
424 787
24 833
35 409
310 957
854 318
584 270
231 211
957 18
259 970
158 305
280 495
927 695
34 674
554 317
661 519
42 105
425 359
752 638
787 653
761 640
133 207
389 853
216 267
469 231
114 53
810 229
276 697
117 725
647 986
905 271
152 362
861 726
222 112
459 878
600 73
893 258
946 372
260 240
666 599
614 769
979 388
801 712
839 144
71 298
813 629
11 519
583 143
520 799
171 829
903 516
779 570
391 304
70 241
59 128
277 313
361 360
339 220
551 182
467 533
809 531
607 584
499 103
634 293
893 779
489 93
385 138
443 380
780 789
253 29
698 250
868 558
225 548
813 219
119 628
335 555
600 728
270 622
660 306
993 111
422 613
918 638
878 450
500 537
470 881
107 841
994 887
849 24
833 691
688 154
122 682
764 877
203 337
338 92
897 418
954 821
186 667
925 440
685 707
802 481
342 46
859 240
55 34
479 131
190 114
378 498
450 903
590 475
492 270
403 263
928 166
948 41
696 66
113 208
80 295
925 263
433 713
109 164
200 896
735 240
972 230
97 548
288 946
887 469
249 353
490 541
930 750
39 526
298 388
463 834
778 906
174 787
800 206
634 730
51 68
826 926
120 609
236 865
82 434
235 112
311 319
248 844
283 262
856 196
250 351
838 52
236 350
266 639
488 675
305 979
434 825
861 254
809 323
689 821
192 331
710 909
475 476
737 33
774 622
580 425
11 926
109 161
720 796
520 744
304 776
236 802
883 233
721 646
208 479
996 520
408 49
334 112
607 834
223 665
361 128
72 461
972 608
497 832
299 214
335 698
565 735
200 984
200 401
399 147
591 623
415 328
410 916
323 365
587 904
146 718
935 82
498 253
25 763
502 669
436 59
827 651
919 702
498 844
834 914
156 138
527 437
952 89
570 904
440 173
422 77
117 619
579 858
854 64
345 112
660 761
661 672
739 128
762 739
100 974
144 608
441 197
661 785
792 672
522 358
329 324
640 532
736 889
473 837
95 218
117 318
338 573
66 972
620 427
249 802
960 480
9 628
411 312
896 920
151 7
222 874
526 290
737 464
508 851
370 844
292 195
741 956
634 332
505 656
750 842
89 10
942 236
368 931
885 494
907 196
68 200
875 712
625 993
992 492
976 545
168 766
703 598
741 751
121 706
325 22
516 999
595 806
301 975
604 168
915 943
988 783
522 247
427 121
817 433
746 361
233 826
237 866
916 451
114 239
96 622
578 702
212 864
194 183
747 833
345 257
714 192
546 947
498 225
545 408
998 722
88 605
694 763
492 455
934 298
664 314
186 962
215 589
273 846
716 502
934 389
256 572
8 397
469 279
583 870
195 545
324 859
454 288
56 409
612 182
260 227
214 188
804 992
970 456
99 728
330 875
477 712
48 740
653 709
467 334
677 207
652 515
249 138
144 874
108 187
521 256
944 961
32 991
567 545
783 612
625 496
454 474
601 383
905 783
823 456
457 215
900 588
776 605
378 563
438 793
1 969
97 409
79 25
942 153
67 545
619 508
680 136
41 690
678 734
104 570
786 550
989 1
653 508
19 921
327 785
976 525
812 163
461 75
318 556
889 624
836 41
103 538
270 659
850 893
409 577
394 151
562 699
310 771
920 115
247 45
280 210
228 136
786 548
164 912
954 798
169 574
719 530
317 329
755 294
78 569
817 769
507 49
290 537
764 415
13 599
420 559
402 78
701 426
919 599
960 620
133 206
946 531
412 411
861 676
56 437
368 455
321 983
507 908
544 80
630 274
208 559
584 858
951 964
866 188
773 656
395 598
923 515
641 786
566 969
145 419
454 439
572 270
629 331
5 951
301 288
28 504
657 8
415 296
239 692
563 994
302 122
908 664
666 409
83 9
447 1000
401 135
845 645
149 894
889 833
839 727
788 539
336 554
880 901
231 871
626 647
788 650
55 405
115 182
563 606
129 140
138 472
901 550
399 436
638 945
395 321
915 630
716 218
555 431
308 777
913 236
702 573
370 58
773 286
995 386
228 51
821 2
950 686
169 939
874 65
483 199
152 212
713 794
274 214
440 146
795 536
905 72
523 521
7 760
161 712
255 568
735 354
863 441
61 879
299 710
969 704
218 442
403 740
135 464
497 911
866 209
278 323
196 840
88 81
292 379
10 948
105 901
545 637
252 819
521 746
153 900
974 396
45 750
452 752
753 579
771 124
355 604
117 236
652 297
301 405
712 516
585 794
699 270
23 840
407 745
727 724
247 237
809 467
258 379
666 108
560 551
244 16
301 183
14 804
166 931
339 976
867 818
135 48
375 687
728 588
220 440
333 247
911 448
983 797
315 709
815 964
121 662
105 249
305 495
533 79
42 746
333 473
635 697
837 651
589 232
259 871
828 780
963 15
86 866
958 933
381 446
698 352
55 957
848 445
869 473
275 457
898 570
275 126
298 37
906 292
502 781
854 470
86 709
103 998
821 151
329 80
200 735
863 268
647 639
318 179
303 197
833 218
688 707
393 425
601 377
839 420
62 263
890 140
636 888
587 928
718 958
627 871
316 150
336 841
191 758
286 810
398 948
862 121
645 413
122 468
179 75
161 784
715 329
681 73
476 323
719 385
956 85
44 639
528 308
691 224
141 255
269 778
880 231
261 906
409 191
362 249
842 175
19 908
888 353
398 463
453 351
262 257
984 547
1 231
755 864
258 718
222 679
23 562
818 406
286 128
859 718
241 683
516 849
367 479
871 927
987 162
458 956
132 701
684 386
354 893
466 911
527 438
950 453
879 481
94 875
186 382
45 457
266 438
841 97
179 582
21 672
168 940
685 761
856 773
711 633
109 425
919 876
995 474
354 462
411 351
820 791
143 98
203 831
220 887
744 105
753 154
670 369
263 709
53 273
436 143
422 110
958 12
173 812
526 848
428 795
820 53
658 440
648 794
481 659
670 531
236 227
730 209
118 219
320 142
70 598
360 671
142 379
37 111
645 352
278 267
465 784
876 34
434 13
697 625
148 867
719 500
249 122
156 706
602 574
566 925
236 272
593 687
421 738
406 30
303 137
115 526
886 361
615 869
838 140
788 913
383 289
629 57
331 842
723 188
742 360
766 354
306 388
783 938
20 746
383 694
926 754
340 603
148 278
386 415
926 285
84 608
31 443
608 106
609 263
537 34
846 468
258 581
723 267
135 958
16 543
401 807
110 339
661 65
935 678
314 348
146 852
210 477
216 802
413 152
388 342
744 280
817 476
234 614
223 502
392 284
925 110
102 561
307 939
473 343
938 267
777 143
726 378
982 208
472 921
90 456
365 50
321 180
505 147
894 783
857 587
551 474
268 345
388 14
227 62
959 881
429 678
601 877
268 612
731 766
400 436
22 607
338 736
429 567
182 913
398 850
481 296
285 688
368 166
369 627
425 801
300 699
818 824
348 687
300 586
671 597
456 728
808 141
883 723
524 889
211 78
230 286
254 400
18 594
866 782
544 851
745 615
503 959
328 353
989 116
712 935
225 239
334 443
372 106
887 853
980 361
413 568
895 382
879 613
326 559
58 313
153 491
210 12
907 190
536 998
84 533
638 212
515 437
220 469
385 136
676 556
561 55
393 645
836 255
767 897
290 7
99 877
850 975
790 326
746 140
233 983
200 232
38 760
833 768
689 292
626 780
722 286
345 606
882 628
276 180
29 908
17 995
603 43
803 701
643 912
384 797
939 45
977 242
258 830
327 312
185 487
8 360
190 112
137 68
141 162
267 761
441 702
813 17
264 65
542 372
378 355
181 644
759 123
173 884
339 628
821 453
714 552
986 789
471 863
867 10
5 359
273 55
593 622
463 844
174 785
15 749
198 235
625 349
273 192
883 913
790 495
1000 903
400 926
457 396
14 2
903 725
120 722
637 883
361 552
848 386
862 444
420 407
974 538
175 399
503 786
415 412
778 215
220 228
918 683
866 786
794 55
634 310
197 212
325 431
590 597
352 3
735 568
521 963
628 766
300 852
327 843
842 509
132 843
187 496
284 926
651 46
712 502
195 122
290 410
772 778
21 282
3 867
479 946
6 70
959 356
998 458
855 439
158 157
785 949
130 769
205 158
189 761
47 655
816 639
163 758
203 901
461 453
433 952
910 698
214 7
270 277
935 221
811 83
27 480
618 619
12 928
4 976
960 550
872 210
798 766
583 892
142 66
271 282
575 488
562 953
862 668
434 260
381 993
592 352
596 616
317 89
894 595
201 378
795 178
320 210
47 33
847 813
147 631
758 63
80 690
279 114
276 758
65 258
356 775
430 10
303 888
951 700
365 719
918 303
382 146
93 197
762 276
68 389
250 480
123 19
469 834
99 80
828 399
442 318
797 921
836 898
305 78
489 249
93 999
594 844
816 350
642 141
713 42
673 660
50 621
400 516
789 246
702 777
314 42
8 789
201 512
387 798
977 282
820 732
659 726
396 976
203 754
572 601
99 933
150 547
100 330
211 563
437 61
390 141
391 732
472 608
881 708
536 41
612 380
902 232
371 678
192 845
859 141
576 937
664 397
43 952
599 199
87 275
865 953
368 767
720 100
522 934
921 1000
477 151
65 162
971 130
329 892
521 119
833 165
65 83
798 613
378 10
89 85
786 21
773 809
602 285
749 410
786 420
634 170
486 751
253 720
472 361
970 168
519 815
278 251
350 471
326 54
727 968
411 262
990 190
719 356
609 672
27 854
337 66
896 789
913 841
352 493
374 562
733 505
699 329
443 119
210 918
852 281
671 807
249 708
548 50
698 899
92 406
111 682
242 519
496 795
103 310
714 361
163 229
1 194
260 941
811 561
665 20
83 484
894 481
25 998
582 578
159 407
146 626
807 363
973 127
669 326
473 293
536 5
168 905
815 733
835 243
599 122
380 204
251 89
19 79
961 298
155 671
962 5
359 983
587 688
644 329
117 545
946 529
914 468
122 343
566 562
532 390
971 174
511 889
830 231
557 853
319 614
490 548
643 384
387 222
995 949
942 652
265 574
341 267
498 195
770 517
883 948
124 108
652 545
679 883
840 833
641 784
126 344
365 518
498 796
880 209
163 696
261 944
581 359
533 516
53 970
15 458
525 96
54 664
789 475
149 892
477 287
12 132
816 670
414 550
831 705
577 994
328 345
165 111
292 829
162 360
626 645
625 990
76 678
663 724
388 762
922 350
160 649
656 270
665 496
613 490
116 790
686 414
546 309
381 182
519 10
190 388
851 586
500 612
798 199
294 422
591 404
410 959
394 280
413 492
18 412
381 408
733 675
204 439
646 26
647 375
494 233
588 269
612 411
8 361
561 579
636 1
747 920
550 631
53 295
536 831
960 987
707 641
821 802
329 700
644 301
627 623
459 33
282 618
446 313
85 131
415 970
342 894
421 832
433 866
181 564
809 756
773 976
326 418
267 145
630 588
866 239
422 129
563 181
854 99
288 405
18 770
37 38
87 908
454 401
993 321
739 293
157 978
272 415
88 369
273 481
2 161
850 477
905 740
600 204
32 648
783 719
495 941
944 745
728 816
582 191
840 426
606 817
383 760
224 95
371 224
784 145
641 312
646 555
327 833
680 465
935 523
332 604
977 273
216 162
585 340
146 863
559 936
430 756
825 790
755 85
685 770
209 73
745 47
854 667
711 774
397 890
333 424
940 336
445 622
321 416
843 615
91 218
246 634
526 600
599 34
323 511
750 442
109 466
330 513
707 389
726 163
268 975
929 396
21 989
375 14
639 727
394 737
179 333
587 376
19 244
921 956
919 409
860 678
815 344
302 389
48 868
341 481
812 862
374 107
122 240
909 308
127 353
292 266
347 929
847 600
814 403
676 400
658 135
786 464
843 129
183 672
438 746
841 416
554 967
798 254
334 679
594 461
50 38
892 801
931 691
23 249
690 22
602 890
732 957
272 131
862 296
576 81
760 302
542 682
193 647
470 641
654 185
71 674
845 587
922 244
410 384
141 560
778 823
372 210
48 184
874 124
983 946
859 704
862 981
367 473
647 251
560 803
840 51
695 239
462 374
690 557
411 281
713 404
971 744
419 513
605 791
99 565
119 411
253 292
759 766
636 363
301 750
38 995
960 869
78 544
859 317
454 627
809 512
63 261
411 812
953 11
365 221
203 142
994 655
571 871
375 388
749 119
458 336
41 879
333 912
373 867
688 737
820 422
493 714
277 877
579 601
653 706
545 985
231 474
294 660
464 879
672 452
770 977
273 143
549 829
891 697
108 197
914 400
591 707
922 903
814 137
173 383
602 943
379 992
823 453
438 877
654 444
884 725
480 147
23 797
795 300
524 806
482 609
715 597
457 165
306 386
205 656
23 995
962 781
45 103
447 727
305 250
686 854
383 513
496 875
528 222
12 47
557 613
239 198
578 844
696 978
310 151
689 318
543 431
751 200
850 779
635 611
413 7
109 376
518 106
738 948
152 271
780 689
285 205
413 440
324 629
643 967
6 297
815 589
319 818
982 214
930 373
317 716
367 550
316 532
933 899
825 266
847 845
631 170
541 222
602 476
530 337
354 165
910 60
199 975
705 78
86 455
951 961
240 915
477 858
424 90
244 635
209 904
653 887
571 722
457 406
47 329
733 314
1 609
421 644
98 371
980 483
818 24
553 221
511 842
387 669
724 146
999 40
177 241
166 147
55 240
166 811
961 721
780 51
196 442
126 63
491 622
480 413
944 300
233 187
788 661
918 809
922 351
851 367
802 825
241 625
370 343
647 195
907 414
581 843
745 287
457 669
953 423
413 122
954 846
831 132
464 62
427 66
604 770
381 407
54 487
590 213
77 958
797 389
911 141
575 642
695 618
751 635
521 323
333 741
924 776
983 303
869 644
191 360
449 89
752 414
19 219
740 439
402 435
86 257
380 888
161 702
420 989
633 606
840 896
568 495
986 898
736 849
202 222
744 422
374 447
90 895
210 510
619 893
474 478
286 813
327 595
904 719
524 648
835 985
787 666
884 670
352 295
794 130
690 115
288 739
182 447
476 152
389 315
847 443
280 691
579 273
745 577
162 800
638 276
515 245
561 375
231 823
41 655
172 423
504 303
338 452
272 469
224 958
764 568
909 663
664 870
186 502
426 441
686 443
689 501
690 518
140 555
471 475
661 135
864 893
629 563
475 827
419 360
10 11
836 499
436 993
151 407
348 569
251 802
413 463
76 143
294 338
556 897
72 892
389 102
985 761
40 744
661 458
210 965
458 426
350 852
322 301
694 573
952 726
847 773
132 62
485 816
75 60
645 248
829 395
61 993
133 404
515 644
218 524
485 437
94 123
890 250
340 31
639 389
2 352
991 280
350 400
636 601
802 668
566 948
127 70
273 307
735 775
938 551
758 172
814 370
961 974
139 406
766 619
580 747
463 497
162 604
163 493
684 569
852 263
529 812
803 221
1 331
444 625
667 555
357 129
987 310
993 921
81 839
135 422
897 83
685 980
686 471
564 731
877 620
270 554
72 493
733 968
793 275
315 595
318 278
603 484
894 677
189 539
916 749
7 910
835 25
708 809
546 92
381 607
43 954
642 65
837 860
165 483
534 852
385 803
165 372
661 607
847 872
890 461
728 480
290 903
548 999
454 786
645 75
649 136
928 81
142 109
860 928
459 889
443 604
598 212
40 768
923 71
907 98
624 974
255 416
10 843
687 23
800 377
912 355
225 359
330 216
408 514
425 740
301 329
356 948
568 628
382 140
519 975
331 766
760 476
528 418
748 261
104 769
45 981
750 874
641 758
443 230
524 5
104 574
192 929
793 92
371 72
968 22
751 501
932 689
20 971
702 811
812 159
850 998
409 724
343 103
551 514
55 339
370 131
261 304
264 620
64 782
708 111
506 963
664 205
295 81
890 813
137 371
981 594
532 76
79 464
192 834
263 516
110 35
720 179
369 91
260 286
225 991
879 338
919 738
610 783
597 388
427 404
213 395
820 101
899 526
441 528
795 929
688 575
894 899
857 152
135 993
934 52
576 560
616 273
389 993
415 609
700 721
882 716
596 418
714 789
900 386
596 273
669 603
862 52
700 311
141 835
23 66
61 267
10 879
407 995
749 670
84 963
583 283
579 706
681 279
83 13
563 791
585 243
864 278
165 543
97 441
244 56
906 519
304 253
663 135
73 432
399 983
422 813
97 298
85 586
686 194
716 669
513 280
80 678
429 421
689 127
727 387
30 177
603 657
770 280
457 563
958 685
832 577
693 384
660 319
662 389
314 383
299 225
655 580
712 134
125 847
384 865
630 916
9 340
828 882
946 82
893 330
255 881
203 922
741 150
982 128
929 116
677 766
109 492
55 970
648 972
678 527
868 111
940 396
122 905
184 44
479 31
782 266
469 21
493 879
133 302
856 653
235 696
382 697
425 96
744 834
876 903
710 427
123 271
753 916
112 28
365 454
645 591
351 887
389 598
145 498
933 105
101 731
619 892
896 945
571 753
59 453
939 793
47 364
692 324
109 739
700 74
888 730
151 258
912 58
953 802
343 747
54 890
352 6
280 803
745 465
282 369
546 514
311 208
876 553
288 962
515 261
925 495
564 306
859 742
822 494
183 288
741 758
873 454
944 739
711 994
505 842
215 243
676 871
271 653
608 21
974 68
962 532
627 96
172 853
412 853
817 392
46 970
158 128
142 517
732 317
599 694
340 887
720 349
262 866
416 350
243 762
169 634
223 459
63 402
854 379
160 851
323 481
472 933
933 632
346 898
313 315
811 84
321 132
85 295
13 522
967 841
553 557
271 246
118 465
635 249
968 712
364 945
420 611
916 616
497 272
316 844
84 464
194 272
450 646
35 780
294 799
152 772
106 667
434 146
1 797
939 615
728 210
654 254
801 538
469 508
71 344
994 45
64 42
27 990
527 997
519 301
961 973
787 173
875 131
268 115
568 601
512 544
796 456
211 11
528 327
712 548
162 605
326 840
673 645
311 60
827 521
926 523
272 489
400 857
111 659
276 324
165 236
940 867
742 467
500 922
701 886
174 351
177 393
948 898
77 432
29 525
729 789
806 975
54 96
148 237
242 704
414 104
626 602
642 791
785 773
384 954
574 597
702 622
560 3
484 123
447 113
102 998
458 666
186 749
137 423
877 653
54 428
459 316
759 361
579 31
981 671
985 724
713 837
114 458
612 93
891 142
639 868
341 161
624 515
532 382
389 891
14 104
42 145
740 328
463 995
598 122
907 835
363 343
330 916
990 902
961 30
433 613
36 710
97 976
739 385
178 179
641 777
114 993
957 443
61 230
112 982
966 43
108 199
952 549
956 117
138 979
463 39
782 681
420 426
477 135
44 494
679 611
968 202
571 263
771 201
999 407
529 783
419 227
922 214
339 312
221 560
784 219
369 323
823 26
955 411
223 830
520 677
941 427
103 384
508 304
606 553
884 139
741 270
393 766
181 327
493 437
516 960
392 546
181 232
394 380
826 255
333 413
240 821
391 573
431 624
323 155
626 800
368 560
538 602
427 233
467 836
929 111
222 38
351 350
958 242
655 182
677 682
548 806
55 790
333 592
283 739
941 785
599 341
832 14
539 566
578 464
216 273
531 90
143 352
807 825
994 256
9 836
749 490
308 720
865 533
527 619
929 516
515 735
681 235
826 900
166 365
320 29
912 305
767 363
60 87
889 505
891 583
982 626
306 243
344 770
567 945
344 945
54 748
278 996
102 216
583 427
896 611
309 978
810 837
483 963
927 430
250 662
345 998
902 832
519 720
426 673
577 999
49 142
233 185
570 344
733 252
765 203
675 63
567 117
275 685
148 165
370 341
171 268
813 213
337 36
500 752
708 61
219 24
148 20
258 980
928 752
391 656
927 994
627 52
793 458
354 656
411 603
533 264
850 636
907 719
30 370
751 972
351 434
601 947
138 915
160 167
379 45
307 824
859 359
772 342
906 412
377 572
433 882
342 770
422 170
151 1000
891 39
108 331
971 79
334 829
260 160
514 735
696 166
201 712
109 815
844 294
189 119
562 755
65 393
144 792
202 226
790 483
576 827
245 128
744 609
566 942
735 813
483 860
136 603
984 447
615 159
594 349
970 126
952 733
438 952
336 862
577 304
912 59
948 649
379 671
992 777
349 388
461 714
45 907
887 900
926 556
36 210
138 266
277 200
870 249
332 356
176 981
859 584
966 684
344 683
898 132
519 308
940 783
135 47
603 591
585 456
237 709
416 786
202 920
239 246
321 989
154 551
447 382
160 680
432 141
976 873
550 803
458 901
989 487
646 840
613 267
730 745
327 613
665 322
149 337
997 61
245 824
854 670
391 756
911 461
750 351
755 199
422 266
295 24
979 727
368 632
539 803
186 697
479 860
623 181
200 629
57 204
848 65
756 586
479 237
562 851
890 580
599 172
948 304
327 425
627 735
914 128
924 157
318 180
303 192
901 251
725 487
269 321
92 804
297 8
479 272
860 143
914 137
843 53
572 493
899 871
832 258
320 214
969 751
38 352
448 18
500 295
710 182
253 697
74 92
264 528
351 520
444 190
361 520
268 108
35 331
625 607
992 934
98 313
796 570
943 965
948 877
330 388
594 953
157 725
76 779
439 155
668 652
312 380
449 776
860 58
272 563
241 686
416 586
651 241
393 705
453 525
663 910
741 378
566 23
989 636
612 745
6 38
580 79
963 65
157 138
910 632
436 967
115 256
890 646
843 516
60 810
122 607
857 480
788 50
19 55
78 598
800 359
562 496
68 543
761 749
423 958
887 117
728 482
122 817
179 426
90 275
863 508
846 714
1000 662
62 641
291 693
952 857
922 625
833 42
704 12
106 764
945 617
127 262
273 443
457 366
754 492
169 418
867 215
192 973
32 870
287 470
786 307
805 21
862 94
671 728
752 100
787 615
240 840
683 726
292 142
232 968
912 244
453 28
879 991
435 686
19 943
776 722
82 201
176 782
754 874
894 184
969 199
897 866
556 481
645 944
477 241
116 439
73 363
920 300
798 461
28 965
55 820
228 435
911 14
775 39
667 678
82 921
358 92
436 645
845 651
281 400
581 741
983 177
807 359
294 446
3 959
206 858
318 304
284 736
584 422
625 671
388 102
521 475
133 901
428 583
696 847
401 469
418 493
55 992
333 766
109 407
825 158
720 68
459 168
710 831
795 562
703 133
411 781
450 813
271 297
41 280
43 838
356 391
213 122
839 474
201 578
43 869
65 51
910 3
161 512
277 16
653 739
112 65
772 183
711 306
434 346
675 900
127 139
878 977
387 480
26 160
279 182
121 102
565 710
912 321
351 68
254 266
680 957
887 54
447 897
156 594
213 559
253 978
515 13
681 277
809 360
538 182
813 272
173 241
709 463
672 807
417 583
295 674
730 508
850 279
245 751
192 405
693 891
487 358
898 161
44 241
543 217
374 828
175 837
955 161
813 67
618 45
690 654
68 14
16 912
310 199
183 335
719 809
461 105
505 797
73 609
2 575
955 399
335 673
873 10
86 745
141 936
848 312
133 872
741 3
376 669
603 46
472 604
953 19
403 46
868 922
175 973
997 250
946 892
506 711
323 263
489 531
398 503
223 358
962 242
156 189
764 74
892 119
964 516
432 701
911 63
898 950
96 778
632 684
796 184
393 294
265 819
806 178
165 266
863 423
131 502
167 492
62 130
105 893
458 151
18 301
333 853
374 3
160 501
334 151
986 897
184 507
342 184
52 690
400 179
595 821
973 790
246 771
299 437
213 993
167 807
757 228
136 604
49 749
446 889
909 127
269 992
199 611
202 22
810 516
830 707
76 425
727 893
103 7
147 619
933 321
334 361
127 786
462 205
961 690
417 476
163 208
898 133
93 783
210 237
563 531
233 148
181 412
456 181
438 485
519 324
557 17
963 326
211 685
835 405
641 478
702 737
168 664
8 973
530 814
476 950
5 959
662 423
298 890
64 840
542 192
681 239
293 933
956 66
702 451
155 908
547 754
74 852
327 650
94 659
4 703
132 372
5 130
685 544
744 228
527 269
507 14
570 800
502 775
564 262
169 794
425 160
616 77
924 158
851 934
375 444
674 949
397 314
865 882
956 20
190 883
84 144
400 497
238 607
827 983
748 856
52 743
715 97
895 122
368 148
810 523
173 629
669 656
69 420
456 567
278 208
830 925
869 889
286 703
982 584
783 521
889 432
120 302
568 603
642 669
3 232
277 265
706 953
951 345
735 550
684 564
222 911
737 70
517 890
505 522
970 708
332 749
349 649
854 878
193 933
628 15
873 416
231 619
313 428
671 863
902 451
940 18
928 714
717 448
366 150
494 75
959 391
584 395
12 652
788 29
94 764
441 942
629 645
576 414
63 35
426 797
206 537
655 860
622 161
271 167
424 726
557 586
65 820
1000 505
449 405
213 500
820 140
952 124
56 49
296 480
208 796
616 169
504 643
748 926
985 500
458 348
795 887
48 772
640 600
809 951
80 629
148 322
502 188
178 222
434 180
18 823
239 955
630 184
351 841
320 51
268 307
252 770
550 473
933 47
628 905
41 255
518 891
359 451
839 821
922 899
781 124
395 769
984 932
272 84
98 730
121 171
943 984
488 738
730 596
415 83
55 232
370 762
482 748
836 995
999 401
162 750
922 383
791 389
813 461
745 431
871 219
504 507
715 951
727 504
231 713
1 118
475 59
556 256
280 59
153 307
874 551
637 491
893 65
50 669
846 73
660 431
54 460
592 707
609 763
848 349
334 129
371 792
532 79
163 548
539 893
258 784
190 207
194 146
927 558
659 324
734 776
980 849
575 248
50 712
707 432
803 410
324 896
611 8
350 896
460 192
571 828
318 226
428 870
610 524
682 129
122 850
564 109
256 993
565 212
242 800
622 743
482 106
601 224
48 800
360 594
549 832
886 131
522 520
579 569
598 247
1000 514
970 358
592 444
739 447
974 442
174 878
255 578
434 43
610 176
259 172
687 52
361 566
733 310
74 149
661 137
343 871
908 101
430 801
89 993
718 436
844 855
149 903
101 414
102 169
233 302
90 673
288 953
897 845
612 878
667 615
671 919
695 13
643 188
789 184
210 153
263 161
945 970
450 424
693 540
451 129
287 815
185 813
827 490
955 273
836 116
806 868
202 836
167 986
815 926
944 157
11 355
877 561
508 52
533 421
954 842
578 590
337 964
856 852
68 700
364 539
806 582
73 834
882 216
755 154
919 829
578 737
428 548
125 942
623 147
646 174
689 619
941 994
510 709
12 954
240 503
388 89
282 708
467 576
229 545
53 949
990 684
402 173
810 62
132 70
152 956
728 475
263 920
969 919
738 535
748 885
868 430
743 562
635 429
321 805
657 195
87 794
805 91
256 904
260 960
979 424
908 852
179 816
240 770
738 1
166 542
13 393
201 953
808 111
900 647
491 821
898 96
595 470
600 320
603 931
804 74
797 799
563 741
720 788
558 424
728 595
585 462
570 378
93 703
168 522
99 830
850 26
374 610
656 367
32 373
781 95
885 564
997 938
966 991
875 762
691 537
703 792
778 161
746 381
216 736
632 761
647 449
369 949
252 85
368 634
25 707
981 760
68 551
610 722
243 571
890 578
484 823
696 934
553 530
971 271
517 247
630 512
208 817
427 465
618 996
649 69
734 738
4 109
869 565
999 714
779 292
434 318
311 708
661 793
999 603
995 210
839 50
736 881
825 623
572 495
130 694
661 906
813 915
505 92
490 648
678 199
524 729
248 442
999 825
74 90
516 373
478 879
353 1
154 466
249 976
895 73
73 130
507 457
611 926
426 946
118 690
84 774
837 192
140 48
767 3
698 518
148 539
496 614
334 330
514 148
589 752
966 704
903 362
944 281
926 665
750 829
275 521
701 595
483 874
11 3
638 22
751 477
397 384
590 853
104 694
538 816
888 181
815 993
928 715
671 141
794 860
327 587
973 85
738 732
704 758
216 764
655 688
315 373
501 741
372 659
726 486
817 570
507 444
897 482
94 652
429 623
647 698
178 667
402 979
903 107
191 351
624 518
821 244
277 672
599 696
540 796
247 967
454 194
371 935
554 96
991 53
186 812
355 175
618 875
450 745
113 353
277 872
283 11
969 568
588 790
934 238
80 517
486 737
749 293
770 938
168 104
581 508
340 430
657 36
306 202
2 886
58 603
387 279
193 580
601 327
782 684
269 807
36 54
202 282
610 399
847 462
315 233
600 137
800 370
178 355
879 985
996 353
923 391
102 130
624 398
555 780
681 729
962 774
319 391
440 144
770 385
206 888
866 566
262 237
979 781
319 276
871 811
228 144
569 521
732 83
450 748
453 606
572 644
689 416
836 17
250 962
971 826
295 252
405 908
669 431
465 145
285 422
413 145
161 248
661 187
976 192
696 428
630 16
11 410
381 398
953 245
259 932
684 131
958 870
47 589
447 231
802 466
622 211
933 684
402 932
523 404
414 519
476 952
354 348
907 480
872 129
321 141
449 112
375 503
94 394
352 869
829 749
647 956
961 477
261 947
891 28
235 720
821 889
94 277
8 32
905 310
564 29
765 940
865 554
706 314
598 244
66 925
505 171
57 710
443 749
840 839
515 849
424 238
80 880
468 255
883 728
757 191
794 171
775 212
61 376
46 20
28 615
900 563
755 515
196 706
956 378
336 915
603 130
157 667
339 360
681 565
167 614
663 381
520 757
542 630
289 764
970 541
758 596
409 779
564 889
160 655
953 454
380 310
81 131
428 682
820 658
239 602
34 294
119 508
229 108
512 498
492 722
439 641
812 413
815 782
33 66
656 8
436 953
733 701
185 765
756 706
794 803
216 547
973 383
385 766
293 797
446 449
484 796
213 314
679 254
881 113
682 98
890 257
708 658
288 205
164 624
739 252
902 758
320 350
359 727
329 384
554 203
293 37
900 467
316 138
934 822
575 544
409 393
887 754
643 128
348 650
184 731
459 611
486 824
912 175
127 62
936 37
336 849
351 678
482 947
671 711
69 113
789 392
723 140
136 956
451 433
481 656
241 933
598 847
162 279
521 818
474 741
279 664
798 504
690 289
34 349
971 126
647 141
831 624
44 102
965 506
635 22
381 227
612 609
24 458
850 938
834 551
722 78
379 398
56 987
661 130
93 576
669 407
337 918
963 102
858 336
489 723
343 152
94 774
864 993
920 947
377 786
61 568
298 922
250 907
33 223
859 215
381 551
316 618
248 912
333 165
623 295
994 741
235 523
669 673
795 877
62 188
467 460
751 560
701 347
156 976
178 824
360 683
948 308
843 54
717 721
881 941
174 820
732 742
587 45
236 405
238 703
778 806
359 473
987 976
754 681
439 321
630 124
867 410
135 584
946 23
178 493
382 149
331 645
19 807
188 182
7 821
875 20
838 152
236 714
457 179
844 777
633 42
852 268
410 283
853 565
903 691
803 192
508 586
163 97
845 581
477 321
163 206
148 378
405 149
966 542
849 300
958 670
390 90
195 206
675 248
436 684
981 576
168 886
461 47
172 166
379 426
739 666
21 327
45 449
29 988
211 937
510 727
683 323
579 934
603 104
108 970
694 833
751 912
67 332
209 329
73 529
806 286
934 291
39 389
843 40
224 549
950 318
624 519
878 508
846 606
209 311
141 197
621 422
821 868
470 370
293 411
523 678
980 996
456 887
53 571
627 986
60 361
425 956
479 369
448 459
571 863
473 936
312 618
596 506
468 117
986 758
951 616
3 40
442 520
994 205
135 543
136 647
871 273
304 537
624 82
108 195
296 973
683 715
122 355
841 415
793 660
727 807
89 907
241 924
37 427
205 569
741 967
776 725
651 419
598 656
358 25
418 834
511 261
866 580
276 518
930 352
876 621
373 306
861 479
55 392
387 978
262 226
559 520
569 520
698 236
770 305
171 650
77 289
427 958
727 363
855 278
896 199
30 878
510 529
613 320
104 848
705 672
641 181
716 591
418 262
863 904
59 425
669 351
730 863
603 455
94 707
935 444
424 998
298 963
991 910
988 206
526 619
48 977
195 345
622 208
623 121
989 895
890 520
851 770
85 362
964 547
416 9
108 737
308 15
695 653
554 291
602 55
716 480
90 323
684 293
904 157
230 891
923 605
326 302
398 171
38 114
411 44
625 216
91 708
844 318
61 429
231 500
30 865
605 551
416 693
843 254
963 511
792 784
889 268
246 147
356 887
699 498
443 861
10 872
232 920
231 218
96 45
571 601
22 147
279 288
801 800
417 747
453 253
240 710
793 880
352 384
650 811
443 59
942 83
945 157
526 743
343 316
281 53
559 718
905 979
232 709
74 717
965 227
72 878
292 915
206 249
175 838
859 657
219 894
738 558
916 48
315 323
903 194
479 684
983 880
234 273
660 341
419 481
765 519
738 641
8 980
86 347
686 314
498 288
506 992
837 620
215 968
350 689
595 598
675 39
357 311
711 680
215 953
678 563
869 428
765 267
12 805
276 914
427 358
982 244
267 753
623 258
695 657
294 10
369 904
632 687
726 9
787 878
967 241
200 827
19 225
479 427
942 977
283 212
356 422
89 101
554 57
867 50
562 540
250 16
602 301
903 815
351 882
65 397
891 793
69 461
715 220
508 978
969 320
550 487
24 881
257 371
896 805
733 393
75 547
996 845
465 858
562 51
121 353
158 702
141 436
434 702
129 340
242 940
225 259
177 96
729 659
808 243
128 876
680 329
699 487
3 19
72 25
271 539
542 994
889 582
855 361
768 811
246 800
365 749
980 730
305 486
34 60
72 503
238 452
612 753
271 957
413 88
34 943
792 127
96 604
565 854
398 295
44 631
34 881
697 55
511 587
403 444
665 529
64 93
194 75
579 836
47 858
928 220
911 909
324 873
697 273
165 299
113 234
596 513
479 399
51 359
956 665
389 548
504 584
265 750
674 658
917 802
277 707
155 235
911 720
71 343
718 822
968 242
972 482
776 333
740 518
924 349
874 528
212 95
486 842
278 48
861 822
199 691
331 635
429 170
453 36
770 230
183 863
511 370
353 112
178 381
287 173
784 981
724 208
14 926
37 519
707 639
124 539
849 402
701 593
82 3
101 293
780 832
562 61
920 323
974 58
281 271
889 610
928 325
121 712
706 176
792 44
166 830
210 385
873 199
964 298
309 123
20 561
537 329
462 539
48 763
493 127
259 987
722 631
925 50
468 579
413 350
384 588
276 586
722 518
905 62
9 113
377 527
599 332
70 538
952 127
458 456
276 569
170 452
808 503
757 393
209 618
249 453
234 975
644 236
754 161
574 101
385 967
247 839
29 432
491 273
843 68
950 824
700 715
687 831
602 741
269 242
416 682
74 410
39 968
335 337
669 625
434 2
697 632
535 360
314 604
244 502
509 542
288 579
36 929
480 276
870 968
102 422
16 61
309 840
805 883
975 135
71 750
610 992
483 938
607 726
908 467
900 108
127 727
828 282
666 382
745 428
637 646
504 510
876 765
823 902
85 844
508 188
686 501
802 14
676 523
807 355
648 760
356 79
798 98
506 572
930 170
159 556
553 829
209 283
160 801
52 247
471 767
163 694
583 542
307 803
470 445
886 140
679 781
913 165
752 617
424 660
908 766
640 648
151 816
282 897
982 314
643 392
972 324
957 248
501 172
47 17
430 395
933 127
936 301
313 818
5 556
175 282
984 787
877 466
36 886
386 792
403 801
780 373
925 892
861 894
348 855
719 320
614 542
359 113
144 110
37 509
204 574
409 126
619 69
822 762
533 637
475 461
45 51
706 879
512 904
270 936
385 22
906 656
987 455
955 165
812 234
820 749
181 309
129 154
223 686
59 857
194 797
79 394
617 983
907 407
965 405
641 103
241 507
224 759
975 588
651 906
844 572
375 912
859 47
162 181
77 38
669 290
138 186
507 393
971 518
293 542
316 721
685 568
355 813
397 947
214 240
329 842
96 671
207 873
355 954
13 736
937 404
21 961
155 371
753 172
204 796
497 366
316 934
429 641
981 948
914 15
649 202
815 317
908 625
1000 722
360 689
787 852
148 974
293 35
386 839
574 140
557 962
28 304
1000 609
175 195
123 754
469 482
208 27
58 831
240 950
369 534
558 896
40 452
586 329
736 694
787 562
420 9
545 508
667 24
118 826
191 954
515 988
832 72
220 253
257 877
210 967
971 390
801 956
72 828
36 223
81 946
334 412
192 501
430 947
510 253
771 917
24 302
561 505
210 233
506 383
170 908
553 854
300 506
301 847
765 234
548 336
381 225
807 453
275 716
186 497
211 542
12 533
694 89
627 102
64 844
284 693
725 678
379 369
797 249
866 764
176 485
877 675
787 327
971 546
932 804
620 854
714 649
324 948
483 42
790 981
424 590
833 438
588 162
378 285
621 303
952 100
455 115
95 920
744 902
270 901
378 140
126 998
345 125
917 533
619 823
80 510
762 758
635 108
672 210
928 76
595 112
415 918
127 408
278 812
243 971
363 254
571 821
753 938
574 168
499 974
597 9
946 307
766 944
261 737
878 546
457 454
919 228
299 843
598 32
828 162
900 727
227 573
981 396
227 942
116 95
509 411
2 157
866 860
80 969
64 462
435 743
238 910
619 124
540 789
179 559
629 43
25 469
173 53
488 537
999 292
987 609
35 172
862 675
901 817
561 404
248 121
836 794
179 505
729 750
457 915
955 124
97 340
685 43
941 65
779 426
564 908
266 203
448 762
879 277
111 895
827 422
172 17
870 504
211 589
550 201
560 170
671 59
210 495
102 801
105 195
582 607
307 699
91 16
627 66
432 224
475 47
523 143
82 693
394 329
694 980
73 910
238 80
954 769
946 945
854 302
329 945
436 723
937 562
333 795
226 539
479 191
279 803
91 943
754 37
346 330
76 57
621 275
296 484
333 567
317 402
670 398
692 66
712 662
702 63
155 424
230 812
69 610
730 300
715 176
401 40
347 788
214 429
534 319
541 276
320 152
143 552
883 931
679 426
425 819
45 522
853 403
840 775
164 360
979 357
374 361
70 118
889 734
785 381
749 580
974 603
525 115
413 697
658 532
457 173
427 517
506 999
571 138
457 830
816 371
29 634
561 809
585 58
988 81
291 419
989 264
166 993
334 71
294 537
689 84
502 379
180 617
236 861
954 80
438 417
353 607
671 221
177 649
270 670
147 465
612 571
821 273
15 718
308 928
57 444
393 962
565 796
768 50
643 958
367 840
595 557
719 552
515 478
54 386
937 558
185 465
385 663
858 227
116 767
427 380
252 271
517 187
792 342
170 22
929 835
622 48
401 234
256 531
612 206
214 160
562 999
501 393
66 246
359 607
872 502
363 408
19 308
190 783
191 594
412 285
206 798
19 421
402 359
442 712
443 625
249 194
486 561
252 392
251 412
734 475
239 987
184 595
517 383
991 456
409 434
355 426
818 814
326 89
883 812
830 601
227 740
429 864
80 770
101 696
857 718
236 765
74 224
956 134
405 376
26 79
102 210
983 703
529 860
509 308
607 559
278 873
484 843
746 833
620 938
628 429
223 907
449 858
393 691
125 102
162 464
581 688
932 732
609 313
393 796
727 265
340 871
718 116
385 416
115 417
557 202
712 141
608 366
39 152
703 881
445 577
713 91
159 515
224 67
275 510
68 375
609 997
216 469
755 410
489 935
317 361
199 177
714 719
640 742
626 435
778 604
853 248
730 373
518 650
888 805
344 87
456 945
398 820
292 287
478 646
580 135
692 856
507 530
807 569
559 983
463 199
726 715
433 304
255 97
554 1000
350 335
80 863
706 575
875 156
861 833
109 732
425 549
444 263
136 976
741 670
277 353
176 892
895 532
857 603
897 828
914 754
2 984
747 132
604 267
922 325
828 707
106 391
686 225
840 177
107 626
309 722
51 903
272 604
256 113
299 181
176 184
346 248
129 790
224 838
133 806
669 404
63 165
500 577
531 623
769 294
38 621
962 738
851 734
357 297
90 116
551 801
939 3
557 464
455 168
108 624
109 457
436 15
662 590
151 548
133 105
375 10
695 759
275 248
938 814
235 524
750 157
109 235
330 744
757 655
367 727
610 784
887 28
448 371
458 180
117 657
264 325
729 23
910 252
203 328
343 615
481 366
62 413
947 121
804 726
995 837
28 388
527 994
790 368
867 415
317 930
193 636
73 134
770 228
976 874
629 441
645 676
741 863
852 408
266 519
429 57
433 62
896 690
953 839
71 516
220 194
992 592
611 531
82 223
988 223
954 347
872 928
709 19
235 404
850 107
278 640
339 402
712 920
675 108
915 733
552 737
355 484
720 643
314 220
618 284
443 432
376 909
732 506
509 847
292 651
665 439
224 705
668 786
501 975
82 291
803 257
256 204
789 990
938 504
612 663
125 880
886 394
11 451
640 17
878 161
611 823
557 564
171 249
134 271
103 942
40 716
792 379
575 80
158 289
7 676
800 838
503 213
774 876
329 658
1000 212
630 608
924 255
730 186
948 245
812 329
553 643
844 390
442 834
350 203
260 215
78 890
48 825
108 393
313 683
762 890
869 934
710 490
178 219
160 306
804 635
202 213
520 50
188 384
451 846
681 1
990 21
810 566
19 849
875 100
749 579
606 980
143 894
365 826
495 639
791 162
98 727
795 295
942 58
359 220
459 292
863 757
686 63
358 28
345 915
628 330
186 229
758 989
91 850
470 533
257 118
757 283
393 662
713 349
201 433
44 41
110 809
488 163
909 727
365 42
617 906
655 616
180 648
436 818
203 537
292 761
570 899
604 823
626 859
823 727
574 715
191 153
48 665
693 199
753 420
309 206
703 141
63 467
294 163
217 935
424 519
406 939
482 291
639 769
624 550
604 708
899 630
496 169
126 55
96 979
578 43
355 126
86 242
878 270
484 553
469 347
203 387
244 733
781 558
697 508
514 613
56 500
662 533
679 585
829 60
467 231
486 641
782 882
291 949
274 573
404 204
331 436
709 663
362 258
144 209
589 961
166 582
225 26
192 205
763 518
547 469
879 904
145 697
405 883
205 585
945 146
999 35
893 572
969 20
474 922
81 596
851 24
745 509
227 850
619 468
107 637
384 317
244 439
870 167
357 880
713 232
936 905
224 939
152 184
335 905
287 810
148 172
96 341
499 845
395 381
215 84
785 821
401 760
533 63
544 872
137 262
655 588
858 376
345 427
727 423
752 858
713 548
879 147
536 107
481 788
824 766
380 234
162 509
919 681
955 720
775 453
233 536
414 615
184 52
972 53
593 296
649 494
298 196
622 973
455 30
497 364
320 291
563 481
948 173
58 842
40 817
368 110
352 611
867 132
978 869
511 101
853 330
330 137
44 655
176 166
840 758
126 279
736 551
225 657
348 821
149 708
900 652
225 38
444 256
690 104
249 936
231 72
511 296
245 348
1 701
312 338
366 576
537 340
108 276
510 585
462 651
953 516
944 134
366 563
224 984
599 515
609 491
771 548
976 562
362 442
758 692
580 188
194 531
306 57
654 93
569 581
932 753
256 114
629 905
915 775
67 400
124 327
967 765
513 30
343 39
371 806
350 310
726 479
216 660
267 560
589 109
720 228
424 929
61 564
104 73
161 390
750 64
126 500
772 674
419 986
697 152
99 334
192 572
553 533
755 411
204 179
639 729
159 917
844 99
132 39
298 331
283 181
411 120
507 979
627 962
390 599
395 684
892 486
514 698
587 80
400 262
217 949
117 257
887 317
100 721
598 304
692 829
678 248
814 264
998 80
561 540
365 708
403 859
222 98
193 538
583 330
329 19
257 990
406 249
853 576
16 99
130 247
866 656
956 335
483 947
45 1000
428 746
157 686
280 605
215 472
163 101
37 516
244 120
504 485
204 36
538 906
576 329
779 428
345 848
896 320
699 117
936 577
524 376
730 549
275 746
646 815
663 903
480 700
65 706
319 221
713 386
882 902
263 394
68 866
342 385
703 904
371 691
364 802
13 549
351 354
262 428
635 959
321 267
472 905
696 921
697 80
735 392
882 108
683 101
332 397
707 363
748 517
490 789
808 690
130 962
916 677
139 912
839 495
308 341
238 914
777 458
173 689
635 10
556 623
982 285
53 519
442 818
518 595
903 995
478 260
835 749
35 673
397 58
537 807
351 951
374 508
247 614
595 26
993 278
75 430
447 773
156 726
402 418
754 713
918 454
424 134
601 839
466 257
563 917
654 508
54 536
419 333
106 437
671 667
415 973
395 148
120 159
586 97
948 840
224 162
723 72
984 668
903 325
617 734
615 127
551 727
36 352
516 682
261 517
957 1000
393 661
49 235
641 495
346 415
715 826
888 214
85 818
837 739
536 370
958 521
225 667
945 642
103 670
821 287
103 416
962 455
752 831
419 692
479 780
246 521
712 369
73 825
114 407
692 258
859 869
125 629
276 94
440 131
152 567
317 323
190 979
354 842
273 805
38 698
701 445
4 915
42 234
260 37
213 3
680 616
308 297
535 570
773 993
349 603
498 619
65 52
925 678
378 53
711 149
311 523
41 35
353 497
355 351
601 27
378 932
910 181
382 612
455 681
95 257
325 780
625 318
999 31
357 702
3 8
810 408
153 955
300 574
600 76
265 773
635 363
112 294
899 66
378 745
658 999
944 773
611 551
948 812
442 253
79 192
301 70
430 922
746 369
823 193
736 233
955 73
81 996
931 513
598 919
656 490
567 220
56 742
8 841
82 454
286 196
125 100
137 719
382 365
629 948
137 692
376 966
452 379
608 241
628 252
8 935
215 964
107 839
879 45
57 478
366 80
405 540
389 507
800 562
343 983
33 69
950 264
176 26
938 320
151 685
545 482
657 744
121 995
512 21
531 819
604 907
685 643
872 83
963 828
12 944
224 325
761 829
902 969
251 239
401 212
260 25
85 108
507 822
44 987
498 655
86 398
418 728
739 112
601 119
196 957
982 692
360 707
344 200
1 697
455 716
645 428
994 30
815 28
601 480
415 354
752 84
506 706
589 712
107 40
392 197
168 180
97 242
779 596
283 662
922 201
13 276
586 86
14 535
642 452
571 470
348 933
828 511
775 672
82 249
634 314
27 664
420 504
13 357
228 674
436 22
15 844
144 363
71 832
183 138
81 960
337 350
64 562
176 92
728 601
860 46
453 384
590 835
759 856
614 69
873 461
290 63
275 721
811 899
243 197
209 53
63 854
12 948
295 131
319 870
794 622
742 872
159 592
987 115
683 346
367 797
828 769
726 476
229 796
983 487
739 579
367 898
651 649
29 380
497 45
226 741
282 691
318 45
985 368
476 893
534 817
226 852
958 29
66 141
847 783
51 144
17 480
550 202
633 512
902 727
1000 561
965 577
61 843
549 770
43 832
508 899
342 627
239 797
377 654
209 974
946 129
748 117
751 725
892 315
496 702
857 667
861 163
516 258
611 900
957 368
547 492
960 678
289 369
20 628
663 450
63 694
282 299
339 182
675 304
55 50
284 846
135 250
586 812
733 139
145 930
628 487
779 431
999 328
453 612
755 796
537 81
617 771
135 408
487 901
58 231
944 204
662 355
604 124
324 358
452 435
935 262
259 418
925 236
752 867
787 356
755 344
574 700
846 897
133 58
209 332
66 463
29 249
286 905
768 375
459 132
811 427
705 684
111 955
265 451
602 92
360 863
804 816
622 27
365 210
518 310
901 182
924 249
776 194
655 123
569 254
682 39
259 266
597 200
235 891
19 441
491 277
274 309
136 430
160 308
655 544
143 565
57 684
523 955
602 656
568 288
930 923
576 891
503 648
641 945
932 144
753 693
735 877
258 99
518 781
799 448
896 737
398 703
199 625
884 728
175 587
876 324
175 138
510 94
40 326
32 908
353 769
791 85
37 551
646 607
480 396
498 215
814 993
871 208
732 186
521 775
370 471
810 904
775 910
617 878
618 49
507 279
233 85
234 294
343 133
43 468
813 232
651 21
85 817
211 618
506 870
747 620
868 648
724 692
690 964
655 618
107 858
60 992
171 57
573 948
891 470
263 489
