1000 2526
525 790
620 2
813 591
558 647
98 929
616 745
917 454
747 468
965 277
749 488
424 463
391 783
395 766
456 576
533 237
664 762
738 311
891 248
579 883
571 157
59 97
716 722
910 746
496 58
776 92
975 915
527 145
252 607
400 304
294 860
461 548
218 58
190 669
339 248
512 774
909 828
434 83
771 336
111 19
519 701
597 974
711 367
489 271
976 541
401 224
917 983
264 659
797 279
581 608
678 570
753 593
367 859
106 688
199 370
130 704
735 365
997 950
686 852
543 510
286 967
766 312
912 103
70 371
316 573
297 661
172 295
263 786
629 716
904 176
945 809
843 638
440 443
580 653
332 333
62 490
718 200
296 239
321 249
233 399
964 978
633 48
412 858
138 658
35 110
399 140
539 656
263 6
466 142
968 499
660 39
697 795
576 543
944 536
158 550
586 198
221 808
519 539
443 76
389 595
211 472
585 592
624 954
994 920
75 882
816 966
696 540
435 785
594 250
746 935
670 926
358 972
531 227
675 481
194 543
998 572
907 264
554 376
155 735
71 693
664 733
898 905
332 461
597 541
28 419
88 215
832 221
83 469
263 451
105 878
787 317
973 154
578 769
540 968
192 713
530 924
788 466
676 866
511 927
348 275
242 810
596 794
61 92
556 539
637 616
289 983
717 870
864 678
719 70
684 36
617 95
945 720
547 209
257 174
234 994
994 787
49 161
638 253
588 100
151 301
541 314
914 277
564 859
804 604
534 164
609 781
223 654
961 356
377 621
347 471
394 539
289 585
714 801
437 743
646 293
558 918
542 346
252 855
201 963
91 620
440 954
385 997
321 999
626 865
580 167
739 578
7 97
318 67
468 414
346 351
162 502
905 5
83 193
528 525
656 748
964 125
643 364
47 722
149 950
441 741
274 370
107 129
562 17
76 669
495 165
557 437
763 23
48 715
250 104
327 812
932 658
754 366
365 858
773 365
10 206
581 222
79 726
922 78
934 387
316 27
817 432
820 46
705 985
952 222
753 648
38 39
101 876
428 614
105 503
250 831
487 574
849 301
651 646
943 972
840 942
535 828
529 222
494 274
495 384
481 945
776 575
384 840
717 778
55 6
766 384
886 899
463 280
121 497
139 254
565 246
896 467
514 30
236 998
535 457
242 615
350 273
156 909
257 981
437 916
594 534
98 156
244 163
775 385
65 461
366 352
574 773
384 85
318 199
211 574
819 21
343 851
877 503
130 324
287 376
735 894
900 705
500 173
400 8
734 23
823 637
384 722
679 327
995 594
742 631
374 573
766 862
506 263
342 97
325 471
457 364
129 642
866 733
861 655
317 232
114 880
926 611
322 149
858 406
129 389
43 853
923 575
714 360
950 898
675 430
559 128
191 569
65 46
376 740
950 829
610 834
701 377
687 369
377 90
433 280
322 601
971 217
312 373
793 490
884 340
134 551
318 517
92 873
55 393
517 110
497 291
712 944
825 42
990 993
596 408
260 677
502 730
448 909
929 964
179 107
501 77
774 511
828 860
393 989
726 521
53 43
678 987
280 260
615 771
68 19
327 152
457 201
792 292
581 256
85 363
133 152
474 908
864 833
989 913
611 569
443 155
779 168
148 450
105 163
397 805
217 972
714 306
569 386
385 457
115 374
614 662
903 188
265 326
805 324
310 88
737 894
336 894
63 944
925 96
525 870
894 607
41 56
353 929
890 530
909 717
876 443
864 275
352 562
500 935
120 440
800 869
321 708
400 216
375 714
738 237
446 665
621 714
674 612
768 188
329 493
476 580
826 795
166 264
131 886
158 605
763 397
210 555
815 122
922 838
271 531
218 890
707 136
685 569
97 749
400 110
221 474
648 634
117 686
86 379
531 807
110 850
243 601
995 636
604 249
212 52
50 443
235 125
92 79
458 846
167 938
775 860
173 374
508 511
12 236
878 287
738 255
435 109
809 561
658 988
554 375
241 621
517 231
42 36
48 459
601 107
416 20
550 412
438 666
757 419
46 256
694 444
20 826
438 126
294 467
594 333
98 979
764 893
452 78
843 448
348 367
371 54
924 570
925 655
413 762
517 778
96 842
281 467
688 829
598 272
323 757
434 125
270 186
678 791
772 149
875 140
427 595
462 886
945 677
108 865
3 102
420 15
702 471
557 336
23 553
689 578
616 702
447 854
670 927
530 732
233 740
969 927
894 531
436 594
218 397
788 228
954 147
24 927
113 841
814 202
947 573
182 847
478 529
862 907
482 332
321 829
420 746
556 686
462 211
484 68
71 837
853 168
169 740
576 164
263 119
524 335
937 751
846 857
687 778
245 461
194 192
440 192
298 34
559 379
505 644
324 261
787 977
275 315
194 482
468 773
837 577
128 471
700 952
857 597
354 691
62 213
925 852
196 17
111 870
365 871
424 957
472 351
5 128
426 87
335 51
928 211
654 445
9 607
415 395
594 15
261 785
853 596
321 196
585 157
523 102
651 941
707 280
784 133
469 53
456 272
771 91
85 567
340 478
330 975
421 559
959 217
29 857
527 880
268 283
118 300
997 44
637 746
418 918
84 201
373 658
449 162
54 568
166 650
408 15
617 362
945 792
938 221
841 132
953 501
699 668
331 275
169 76
689 275
490 77
309 535
91 972
349 171
536 917
399 241
423 749
9 367
980 98
798 766
711 632
705 106
928 861
641 629
143 109
554 369
554 746
649 424
941 154
210 932
321 175
751 698
365 222
497 795
409 938
923 919
508 432
876 973
626 824
706 431
844 176
149 40
991 849
575 987
444 335
583 437
321 390
784 377
364 502
930 828
22 547
259 49
43 516
73 28
953 263
522 929
248 940
176 483
72 836
551 46
420 201
442 980
234 695
575 627
928 379
752 790
472 163
681 420
936 976
802 803
758 138
941 437
119 338
339 565
946 62
71 26
916 322
790 241
987 665
836 599
250 516
196 131
513 650
2 580
477 315
580 903
869 383
133 512
142 580
931 449
496 342
647 389
635 619
579 806
178 62
877 53
679 323
595 541
528 264
488 511
987 685
578 312
941 319
524 614
711 830
324 803
92 109
576 893
291 874
700 617
10 718
544 453
176 730
266 314
30 275
983 411
201 550
952 671
403 127
872 695
543 4
873 364
412 247
565 482
719 132
948 812
503 891
890 967
778 893
365 667
746 291
105 185
983 178
187 1
688 232
835 446
34 982
149 76
999 903
850 75
504 190
372 506
15 482
260 685
887 355
669 684
819 877
489 965
457 857
204 104
502 310
988 739
438 147
578 611
830 592
318 997
780 727
50 30
15 378
569 257
119 4
516 327
295 832
149 85
824 270
561 224
699 606
210 730
9 6
693 974
602 760
910 177
625 764
38 348
150 175
104 275
509 729
836 668
533 249
550 799
484 69
247 839
154 11
784 910
855 550
343 408
842 553
441 144
938 830
922 603
741 293
596 99
91 809
476 313
13 40
634 838
943 48
726 672
381 295
914 803
275 390
44 679
353 667
817 898
749 71
270 399
406 476
476 282
95 670
465 527
446 641
965 639
123 372
489 468
767 905
75 233
111 352
810 364
79 395
304 725
712 615
310 256
844 840
329 931
976 173
253 202
1 143
764 852
645 922
544 393
102 634
361 550
123 963
17 271
453 425
350 149
922 570
481 141
637 277
985 812
128 162
197 916
456 349
475 427
611 48
765 177
586 139
683 169
461 240
659 397
848 306
166 485
662 915
925 285
509 511
365 304
846 844
425 107
705 486
984 299
977 711
395 163
586 178
199 830
682 219
444 39
411 995
196 960
969 320
718 318
721 110
60 119
540 860
320 295
598 78
798 540
129 755
572 711
521 486
443 982
790 176
721 223
335 221
488 241
638 612
604 199
604 136
435 747
789 947
483 995
597 137
546 543
673 397
947 145
877 538
879 641
402 720
63 628
66 667
942 313
438 847
72 979
362 846
643 796
511 921
540 121
246 94
377 618
619 39
13 524
233 955
530 67
336 444
246 260
201 971
102 663
178 105
713 626
551 413
560 451
388 151
484 390
473 217
932 827
572 725
186 581
316 801
154 113
675 689
107 435
676 875
240 390
2 61
740 115
778 272
407 758
802 532
360 895
796 215
127 781
149 939
422 123
394 351
216 350
73 836
954 314
612 818
331 578
758 175
817 984
958 570
329 927
608 73
359 374
61 560
705 927
338 237
744 951
830 573
331 506
166 350
96 689
425 285
81 216
905 478
429 904
892 602
750 642
241 847
165 553
64 47
338 15
49 64
513 591
806 515
170 69
138 310
727 7
95 821
181 538
478 661
863 18
187 981
313 658
540 618
351 645
738 990
61 16
628 776
858 957
415 161
761 886
958 184
981 180
126 238
19 593
847 864
846 152
499 581
598 872
881 763
329 134
310 981
649 603
572 576
526 254
733 588
602 683
293 121
886 168
464 985
410 747
588 994
884 291
119 971
410 732
415 876
753 595
292 438
847 19
423 118
99 497
174 950
582 292
840 323
166 189
650 716
917 301
410 517
360 189
13 477
396 624
131 814
408 425
940 450
841 712
329 771
850 845
593 949
10 65
269 425
251 34
306 980
933 35
25 81
867 758
181 685
569 250
454 473
147 153
853 120
99 688
874 963
999 183
837 355
490 389
291 697
384 111
365 835
630 268
619 936
677 985
394 24
807 390
202 829
744 388
851 991
28 804
857 286
269 629
928 901
47 775
943 562
178 63
419 645
903 533
83 595
797 424
654 818
108 390
32 800
626 657
46 546
710 495
584 815
141 822
754 483
754 940
814 441
264 928
48 386
340 765
855 768
756 815
138 322
803 76
790 273
131 587
794 265
653 39
60 376
853 818
641 27
627 741
702 241
776 136
220 82
738 403
88 143
52 957
972 817
276 776
532 57
536 188
458 199
316 700
244 382
155 45
268 831
747 609
602 811
803 339
570 426
346 839
562 237
783 379
345 594
466 388
740 410
997 687
907 334
90 134
219 700
837 825
157 425
590 446
641 561
44 29
851 471
681 615
375 88
583 535
802 145
270 170
915 626
182 322
650 461
83 785
86 723
269 103
54 776
698 465
609 71
827 8
993 224
301 684
616 759
452 83
313 166
942 840
996 972
307 119
749 893
728 314
177 234
894 258
860 150
823 770
826 34
154 3
425 785
427 53
104 838
583 669
361 486
146 599
793 606
852 578
849 767
780 185
502 432
568 543
221 472
178 429
823 319
588 987
851 959
614 863
116 107
228 284
180 354
289 496
555 867
111 138
651 95
295 548
466 166
63 600
604 428
566 543
145 292
754 270
776 386
210 143
998 513
787 847
43 309
882 556
329 366
510 96
499 47
371 827
554 924
784 726
396 132
53 558
383 52
39 872
461 821
668 179
717 893
501 366
570 182
68 233
520 490
830 139
175 772
870 34
674 194
48 296
578 389
189 455
851 806
928 660
456 543
592 513
21 287
774 183
650 772
179 382
236 911
100 399
262 874
102 415
929 175
914 924
719 292
844 312
445 112
378 526
860 843
878 101
787 861
165 17
668 483
134 451
656 762
751 846
524 213
890 430
465 230
893 254
234 80
877 431
203 566
773 863
724 486
949 169
853 254
955 628
387 342
626 253
280 118
28 262
324 988
937 66
48 321
328 28
554 989
518 154
974 521
563 498
803 576
440 90
364 86
368 716
274 823
798 131
585 131
568 943
988 200
128 49
278 774
355 39
33 577
319 18
710 125
294 587
963 565
785 152
617 363
970 916
774 812
211 703
367 199
477 208
859 302
808 385
207 842
633 39
65 754
88 706
823 134
682 611
534 640
93 592
349 283
687 439
312 196
650 731
651 366
743 305
708 341
49 208
655 400
364 616
273 114
807 174
737 291
615 891
337 672
708 484
13 677
625 152
511 81
963 206
575 309
658 579
129 890
3 833
498 883
974 385
688 215
790 266
538 467
120 179
51 550
200 512
385 440
497 66
225 520
65 670
194 34
195 263
768 776
896 253
459 721
61 125
245 192
927 453
52 510
146 519
592 731
57 859
866 451
849 633
617 741
300 183
535 54
589 631
460 715
956 426
387 298
961 110
998 53
770 652
751 585
268 641
666 390
440 665
172 8
248 169
102 841
984 850
220 841
848 34
51 363
445 673
943 8
359 938
860 665
516 111
708 724
143 699
511 360
95 146
232 853
442 679
524 617
102 723
203 616
111 99
166 1
355 693
617 42
29 940
178 60
53 401
682 35
334 124
562 589
854 312
951 504
415 462
385 151
5 532
168 734
669 728
978 856
177 205
583 118
15 592
235 339
199 873
257 853
343 221
849 166
688 100
47 926
969 286
895 332
886 976
937 478
427 89
808 589
518 308
667 524
12 772
74 314
606 531
296 240
723 222
780 981
632 112
855 863
419 596
19 955
100 172
284 590
986 336
52 15
623 336
399 175
712 224
608 583
238 108
664 67
922 913
872 529
545 702
983 402
71 590
38 775
23 726
780 422
171 950
584 649
697 546
270 218
850 913
849 717
977 942
962 996
63 874
505 587
144 645
986 148
552 993
51 724
771 114
888 591
428 420
655 82
72 572
327 694
809 774
771 987
558 828
172 84
384 525
641 507
255 186
990 982
735 748
776 40
335 242
220 804
484 164
3 912
650 512
317 463
198 777
4 722
481 718
746 120
655 678
143 740
166 271
597 89
688 779
157 743
49 124
452 370
76 390
167 356
61 172
923 612
49 620
69 353
252 652
310 446
41 667
775 864
984 432
734 854
700 527
76 356
23 80
98 258
979 284
619 172
87 356
880 848
384 90
742 512
713 798
623 690
355 590
47 955
417 921
90 225
735 366
166 95
902 30
44 229
581 26
365 294
850 45
85 864
251 306
287 197
109 485
274 186
349 631
885 234
10 183
378 65
329 730
400 368
303 383
701 712
85 697
99 416
248 998
767 859
786 381
643 156
409 310
461 525
466 727
52 921
632 519
742 931
232 467
16 15
7 358
554 182
684 419
925 573
678 68
927 644
859 911
557 316
134 23
548 116
896 509
908 666
195 404
666 337
885 390
24 544
363 603
942 696
796 579
411 179
801 196
795 948
546 979
745 45
601 491
269 590
497 641
300 100
818 531
325 529
857 279
183 313
973 545
551 653
682 282
351 230
641 163
509 242
984 682
1 376
628 940
534 759
116 994
337 448
135 141
485 275
969 139
80 504
857 728
325 967
646 644
202 402
331 732
423 761
33 870
51 579
235 376
1 797
260 477
597 468
228 425
749 324
18 155
828 354
232 529
583 550
668 144
562 943
27 847
506 636
922 860
100 565
516 281
546 836
507 26
570 820
57 223
809 418
59 207
153 134
562 657
565 127
425 172
795 61
589 143
166 963
301 791
389 922
783 645
65 320
753 612
348 325
648 526
169 32
854 396
675 874
861 619
554 344
147 98
520 815
78 149
902 790
320 905
707 807
28 364
48 557
468 686
785 111
489 909
308 524
516 550
99 458
104 340
285 929
325 628
362 910
640 773
310 102
790 267
295 502
744 335
599 83
637 156
30 314
513 345
269 824
417 453
331 188
369 961
673 70
180 114
398 994
610 804
115 488
777 224
410 353
304 292
322 159
431 777
414 695
680 842
701 76
578 515
316 46
302 233
512 445
434 181
513 607
676 439
350 277
28 521
141 689
349 8
956 237
138 900
44 60
409 150
106 767
161 419
402 514
459 714
905 60
256 195
737 623
466 374
670 832
251 149
159 228
190 590
109 538
992 978
519 953
518 707
848 662
602 58
751 922
2 720
408 103
796 80
174 740
839 18
417 239
352 554
960 425
217 522
92 401
610 636
38 564
833 720
29 608
691 741
305 821
380 660
414 895
145 332
299 624
391 910
903 420
795 295
686 385
945 825
105 639
934 686
373 917
981 795
699 80
624 552
104 550
412 582
40 984
738 220
987 87
616 736
780 870
528 215
712 948
697 251
163 691
293 704
313 258
957 228
259 53
10 233
102 302
929 984
692 684
658 524
184 582
428 287
449 115
322 227
785 986
402 75
432 100
287 339
454 682
864 940
186 95
427 795
877 874
883 639
312 659
208 394
670 201
674 788
627 185
185 142
239 71
464 149
891 726
90 583
361 506
968 302
141 492
474 571
573 916
846 593
691 760
871 659
625 852
952 140
532 965
204 841
852 941
942 476
610 875
480 177
23 64
695 647
594 896
298 670
297 686
190 357
979 966
815 121
728 710
841 636
111 715
924 218
428 412
621 384
287 321
253 166
276 4
185 958
156 906
114 706
578 85
819 975
35 754
254 741
55 972
595 884
850 532
450 902
503 215
490 113
163 992
711 664
662 81
519 7
758 453
615 19
725 132
769 448
475 803
810 386
886 441
217 664
243 121
902 760
869 416
552 470
66 888
234 745
972 943
422 365
580 239
266 19
201 848
878 634
718 384
274 873
665 367
225 672
151 916
236 923
37 139
248 847
47 764
893 791
731 107
456 134
749 725
712 514
503 426
762 291
845 869
899 478
599 663
685 305
607 698
28 315
232 380
197 215
181 173
860 723
921 624
439 613
163 196
13 58
931 523
181 222
2 886
212 836
726 127
105 871
323 536
54 503
495 569
721 74
975 195
977 224
559 938
165 475
132 735
481 926
208 946
444 504
256 689
570 993
202 883
499 472
984 23
531 458
436 337
575 91
422 164
64 117
563 486
746 970
806 928
950 846
937 746
656 365
568 511
273 37
610 733
862 314
976 31
64 174
528 482
268 979
964 624
736 261
240 628
685 180
43 889
317 378
104 377
957 501
228 77
321 421
87 154
436 370
201 933
54 449
21 760
813 779
50 130
89 600
627 302
261 788
137 798
62 805
477 903
886 952
617 405
30 439
765 629
452 16
18 48
952 515
900 824
631 108
905 691
600 991
947 853
361 90
161 600
150 113
260 132
818 666
360 211
725 479
87 256
663 697
559 222
26 505
689 485
800 827
656 37
324 179
146 187
939 874
244 957
561 803
392 61
907 315
747 696
215 998
73 326
738 678
922 283
528 868
231 685
218 41
62 73
945 884
343 835
347 497
218 644
21 134
424 710
139 541
814 264
90 667
508 107
430 492
720 323
813 123
47 221
283 804
675 102
52 837
256 285
40 474
168 175
920 820
460 482
78 913
744 216
118 695
249 273
50 760
120 354
171 340
210 604
282 298
301 126
72 645
789 281
517 228
186 379
481 556
27 376
377 755
70 414
312 770
404 691
653 629
88 350
344 968
899 973
148 245
733 291
5 690
815 225
746 751
1000 574
730 926
967 490
381 131
947 892
924 645
778 264
157 274
896 569
454 74
607 144
829 715
576 465
426 728
380 505
759 174
41 333
816 868
817 573
247 694
160 792
803 43
36 624
37 12
719 839
758 747
807 992
871 509
126 763
821 254
494 286
139 748
47 906
696 611
796 435
767 786
371 696
318 570
371 215
273 91
310 224
211 783
447 967
738 171
771 950
835 150
229 907
880 919
752 608
790 100
461 221
749 875
404 790
149 384
831 681
741 486
74 789
181 31
806 247
595 545
394 773
986 110
241 586
481 878
724 573
672 102
72 552
237 105
610 206
462 117
905 480
504 989
122 404
512 943
514 520
617 511
553 54
484 451
377 194
519 918
315 539
19 735
477 466
405 181
800 654
980 575
964 401
729 889
914 71
872 129
364 479
518 504
580 575
981 690
944 312
539 207
261 295
852 705
742 757
339 344
819 546
199 170
641 143
791 408
722 308
479 914
713 527
520 458
904 468
133 345
47 584
525 733
589 863
66 158
120 327
66 927
678 757
239 988
593 451
673 86
265 947
917 378
48 855
929 143
491 353
552 882
366 897
120 731
537 417
310 204
155 39
475 457
516 609
536 18
778 734
175 153
258 215
159 462
697 343
886 696
226 905
245 470
597 801
211 90
958 365
971 33
845 882
812 125
333 820
414 281
857 637
397 87
735 466
644 549
559 159
173 432
728 153
360 467
69 367
997 232
787 109
608 361
916 18
205 682
150 862
108 333
478 631
218 445
453 999
510 343
383 559
331 573
649 656
82 381
249 353
231 401
146 372
310 222
577 99
834 370
138 71
322 971
236 440
38 756
682 213
113 387
594 883
707 656
82 821
871 552
332 731
958 948
26 189
484 678
195 93
127 55
271 434
974 201
977 689
544 508
697 31
849 353
133 696
852 810
818 147
711 458
248 294
859 383
453 380
111 606
994 730
560 107
727 586
272 486
875 863
287 560
625 884
430 120
99 51
905 196
602 390
675 68
73 231
626 720
939 936
389 972
524 95
53 132
720 570
442 746
297 165
153 168
187 658
357 793
626 182
105 439
849 4
4 269
173 154
400 72
731 586
684 952
81 291
634 900
343 525
803 548
399 783
680 47
772 886
665 523
598 300
728 827
140 921
683 24
407 507
104 933
656 524
474 750
993 343
960 595
229 344
319 913
639 246
381 13
555 728
629 428
226 932
703 731
651 205
320 161
51 636
911 226
736 889
772 879
681 822
442 764
246 745
763 683
324 297
435 257
328 837
147 629
906 433
974 790
126 72
172 400
834 143
873 888
983 952
466 677
731 118
475 692
958 803
389 108
104 74
267 310
894 913
292 310
330 410
243 513
445 837
502 195
126 922
548 425
892 441
468 366
372 541
743 115
285 941
291 839
605 379
274 523
439 761
618 235
344 390
237 687
91 812
184 303
667 680
64 458
771 620
434 724
19 914
519 629
542 308
734 401
222 368
245 108
49 689
569 235
521 994
59 943
372 222
908 197
357 345
454 182
3 209
116 656
412 350
914 248
648 927
349 939
557 134
9 432
210 499
981 773
975 35
148 400
41 141
719 662
99 460
584 395
587 182
418 938
611 361
57 76
559 452
66 763
235 208
685 494
832 531
427 841
796 521
84 350
570 844
326 503
61 719
101 957
856 414
965 787
487 128
380 395
351 157
847 672
593 961
194 790
323 851
451 570
367 378
131 901
575 966
301 792
253 564
808 490
661 387
353 467
498 787
777 337
232 310
913 145
454 51
809 960
366 362
464 201
192 974
248 27
964 142
287 44
148 873
535 367
114 799
667 95
139 550
622 337
90 174
293 587
10 729
515 16
94 178
167 351
224 823
710 957
469 865
5 731
94 929
3 341
776 158
169 920
58 251
694 449
919 606
925 254
729 275
255 406
825 954
769 965
37 372
846 725
320 595
33 31
950 153
608 96
240 10
762 899
686 824
122 617
653 187
300 341
508 16
751 212
864 824
22 751
442 540
898 484
964 837
689 421
94 205
416 297
687 151
28 989
929 656
918 73
258 598
353 937
740 771
259 167
264 273
764 39
766 216
270 669
562 108
510 65
681 782
246 721
503 745
179 793
474 107
672 151
261 90
524 54
339 606
122 850
