817 992
110 305
205 559
66 249
268 32
152 582
396 358
666 514
274 480
712 159
686 131
422 300
368 197
130 718
565 12
445 48
754 106
526 203
590 508
484 88
704 666
548 385
20 383
528 252
701 246
751 180
388 535
173 445
520 743
731 453
415 84
701 345
257 560
533 5
20 653
279 62
638 527
670 352
563 391
197 472
130 207
492 63
613 31
673 38
202 154
216 708
800 259
296 624
41 449
585 442
75 409
19 122
37 615
691 196
318 712
371 229
40 434
210 649
184 64
416 522
420 500
138 444
144 39
205 779
311 133
97 598
164 643
143 451
383 5
311 296
233 28
792 698
699 402
787 77
811 665
509 581
616 494
18 279
353 562
675 793
85 285
210 753
166 272
524 421
116 108
299 417
585 30
737 649
224 366
205 766
501 56
742 280
29 294
233 269
210 205
690 182
605 434
196 8
723 560
121 741
176 549
570 643
720 215
701 790
279 364
266 414
344 439
557 691
739 602
583 2
479 556
625 264
63 21
351 392
797 691
31 356
82 203
736 429
595 709
120 238
27 43
467 749
529 493
794 166
285 766
144 134
397 236
734 730
402 812
609 272
762 771
97 456
104 712
187 262
250 311
67 135
339 532
450 218
341 494
516 743
469 807
25 4
602 55
503 747
556 755
61 715
53 150
272 475
442 496
170 137
314 753
255 313
508 7
224 476
331 807
302 689
565 532
725 240
513 428
423 728
81 254
688 779
331 502
274 624
64 583
142 309
84 740
751 16
814 712
520 643
548 412
811 587
525 314
508 74
638 244
798 622
329 106
754 489
53 326
776 155
115 724
524 663
680 718
658 227
481 153
548 626
497 704
629 811
441 518
228 743
724 416
663 140
528 253
810 327
91 296
33 32
790 746
183 248
584 687
418 506
691 648
90 429
111 805
775 576
688 777
393 378
542 360
156 463
104 616
685 626
382 784
146 9
509 409
581 515
587 556
169 430
348 795
307 38
782 478
22 176
93 384
288 492
737 691
714 251
381 408
572 105
577 150
275 792
337 435
670 277
189 577
521 469
31 270
644 68
412 438
138 60
449 58
764 78
471 186
796 717
274 595
174 329
83 500
550 275
526 74
250 91
248 71
232 129
350 105
217 627
61 10
323 798
196 16
215 767
533 708
716 740
544 165
754 777
31 569
649 293
566 198
782 744
744 110
536 104
252 625
541 520
664 700
444 489
608 611
634 445
2 331
802 641
101 238
577 520
399 488
581 64
197 539
650 578
532 58
672 277
511 263
192 815
197 319
215 534
389 397
463 252
397 39
17 375
667 460
471 443
520 635
812 28
694 756
707 121
448 277
726 120
633 645
645 466
595 14
431 111
385 581
522 501
596 808
157 398
663 155
802 270
455 363
769 208
523 589
709 4
18 150
358 6
464 262
465 131
369 692
556 102
470 467
816 601
383 173
627 771
618 370
655 489
24 564
290 229
34 4
174 317
687 689
68 797
173 799
359 608
266 316
765 158
772 477
294 545
749 399
136 607
350 376
134 281
535 103
722 179
207 359
666 785
406 65
759 469
384 200
571 73
588 213
12 398
22 620
518 105
702 765
404 190
141 134
538 455
386 621
328 765
413 390
186 647
257 342
25 200
66 590
174 637
212 304
97 472
514 137
209 540
314 701
463 85
653 634
592 379
593 725
400 338
283 7
184 739
74 212
760 247
267 504
407 231
571 383
59 439
688 683
611 737
203 459
657 572
592 585
658 216
736 205
754 164
222 171
614 665
667 382
774 268
710 359
539 379
109 492
508 235
46 697
552 341
793 313
97 314
552 787
315 273
290 396
784 143
800 612
93 166
683 358
255 321
188 50
738 186
733 138
233 130
670 233
310 14
626 592
582 50
460 497
110 661
387 53
184 566
158 537
205 703
635 348
569 585
434 448
324 359
176 280
588 161
631 221
204 390
737 115
11 660
313 92
320 201
662 129
129 720
66 634
66 349
311 541
472 317
367 578
347 343
161 634
214 401
441 207
500 768
752 91
505 443
36 600
400 172
159 286
247 489
662 483
710 228
140 494
274 495
617 712
768 468
243 443
790 69
435 357
603 464
667 455
25 768
565 575
248 2
14 526
216 438
385 756
253 603
240 614
738 57
126 201
474 767
537 475
84 8
298 311
584 571
312 651
608 380
257 76
346 314
68 805
718 601
729 191
236 473
642 343
324 492
191 792
521 701
712 103
228 592
513 573
803 100
163 133
413 420
78 721
605 760
772 691
377 63
571 696
808 681
519 49
372 414
55 628
394 216
264 424
77 221
233 228
148 498
424 720
211 459
408 460
644 103
577 385
149 181
254 647
427 611
91 806
499 536
499 79
432 64
423 272
301 632
502 231
461 747
136 587
37 264
685 317
113 50
753 395
806 249
207 672
705 145
782 333
757 131
79 636
157 545
19 163
211 508
111 289
474 300
146 193
34 58
40 409
561 450
769 632
266 292
204 187
123 583
526 36
322 85
3 114
437 77
532 765
442 132
178 424
262 411
808 59
80 504
430 488
37 606
100 636
541 40
576 281
25 632
522 712
162 170
816 129
310 258
523 52
748 522
23 216
539 285
443 672
214 42
263 271
26 321
652 178
504 646
547 244
86 256
92 706
32 619
58 395
182 6
130 719
109 566
367 365
647 314
76 160
385 218
451 343
767 656
3 798
226 682
391 804
411 264
544 267
318 234
484 185
72 434
593 475
675 68
107 51
103 500
421 677
505 389
460 172
736 519
748 312
689 195
666 424
628 742
703 354
512 580
164 373
717 457
177 317
707 421
473 150
697 10
716 290
391 362
616 510
613 491
758 795
805 498
751 30
740 622
685 49
554 565
810 142
761 468
354 2
18 648
157 772
411 201
565 626
193 525
404 538
372 695
78 106
10 145
492 160
232 70
230 512
64 108
264 41
371 463
198 601
812 100
218 299
137 248
579 336
107 441
295 657
218 204
286 493
669 493
414 588
394 702
428 459
214 251
481 557
691 555
624 380
370 336
637 162
744 743
668 672
127 419
617 88
128 76
343 728
557 324
591 535
727 467
384 571
456 45
479 18
383 776
548 367
151 445
689 1
57 217
63 260
746 750
790 327
784 634
612 248
724 463
404 68
150 127
201 346
124 158
543 434
817 2
88 556
354 75
298 69
626 113
488 151
547 18
325 21
210 50
388 415
109 763
168 677
50 53
653 32
203 301
784 358
87 295
456 290
161 343
664 497
448 509
94 40
277 520
701 715
597 420
607 439
662 540
290 102
325 311
69 642
212 223
245 281
363 228
120 616
335 59
179 208
43 149
289 654
180 286
523 784
132 277
312 707
503 512
564 563
69 257
184 544
604 807
253 38
220 236
759 720
566 792
450 572
38 523
493 516
633 479
568 527
213 451
572 111
591 776
415 770
131 39
7 630
84 132
408 158
466 762
677 332
486 522
485 530
721 385
4 670
626 583
167 211
40 349
26 41
473 85
702 569
254 690
595 587
56 639
461 630
329 293
30 82
557 141
490 337
326 700
614 737
30 23
432 770
47 769
136 510
649 267
130 291
229 463
709 598
740 514
159 396
802 379
41 168
84 518
110 267
371 415
647 654
490 222
359 79
614 733
232 174
463 660
776 448
364 710
456 447
257 719
534 772
119 213
421 128
138 32
154 454
594 480
224 501
435 467
230 518
193 311
377 217
493 326
161 677
757 708
153 539
419 71
789 275
267 272
653 669
271 342
555 520
612 388
437 34
204 289
46 396
429 124
82 796
777 479
435 288
572 423
385 417
571 182
122 47
122 562
380 318
716 370
18 581
174 599
152 795
290 510
193 740
736 102
411 369
541 749
14 213
722 402
526 323
775 765
623 474
209 786
107 224
28 128
743 772
331 17
727 160
594 41
70 460
381 815
275 532
684 328
816 561
154 46
81 156
555 101
439 188
61 756
807 678
13 283
294 372
289 531
218 176
696 557
446 440
449 195
121 132
7 219
776 476
433 801
708 629
383 695
201 580
438 540
327 252
698 614
496 737
511 424
170 490
223 69
98 363
431 385
698 718
393 496
541 590
397 43
163 420
298 447
720 566
660 632
182 378
813 709
437 776
317 550
555 750
191 793
684 387
319 289
754 631
85 762
699 207
357 492
532 152
287 367
176 23
519 644
360 606
143 40
774 421
354 610
8 49
676 276
507 675
788 731
583 297
345 682
302 768
454 146
514 169
535 115
584 545
376 358
503 488
815 6
272 687
157 345
172 481
360 91
69 215
342 479
311 295
773 392
315 471
6 489
804 787
516 403
637 211
612 517
354 446
746 207
110 417
202 142
575 296
351 695
95 770
576 68
758 395
682 160
367 197
45 449
456 525
807 346
99 301
782 68
199 678
513 622
328 63
279 101
164 745
705 192
742 314
33 129
203 232
221 29
559 44
299 551
449 107
97 428
813 430
141 378
782 301
458 53
3 361
488 445
477 515
384 744
611 420