1000 9880
968 856
940 275
744 148
377 973
484 919
232 72
855 224
656 986
368 696
885 953
985 319
808 768
346 835
535 855
113 84
497 501
631 270
905 94
213 401
621 500
623 346
356 61
39 309
66 245
32 809
425 732
4 35
557 841
389 19
229 744
14 508
363 298
970 286
787 828
971 43
152 837
669 672
286 988
70 951
588 816
754 520
791 909
207 378
135 745
605 595
364 295
662 666
184 709
956 931
732 602
22 148
61 370
959 123
728 945
733 416
515 117
918 82
480 74
525 404
983 696
211 972
254 492
534 162
679 911
59 14
296 716
376 122
819 568
989 248
447 1000
121 426
931 35
510 340
721 651
495 224
608 3
475 28
566 921
831 427
245 954
34 21
681 874
354 822
155 779
251 674
217 630
471 441
733 518
256 182
664 51
519 143
134 171
952 366
73 843
40 655
668 634
636 422
639 961
929 2
87 382
705 763
564 298
639 854
711 374
239 476
906 389
321 99
105 724
34 584
130 907
852 604
151 928
913 304
473 201
938 901
929 891
209 711
377 293
587 438
992 710
994 678
41 30
773 853
245 230
166 903
744 731
88 95
661 992
813 569
26 285
937 272
191 849
896 907
899 16
666 301
995 699
62 710
653 993
32 533
183 886
19 785
793 678
154 104
451 550
857 559
998 17
535 114
991 604
867 578
561 275
120 957
687 311
50 792
141 431
440 964
421 911
650 603
244 102
483 998
600 502
585 102
474 751
506 936
920 509
314 84
249 633
201 507
573 654
23 685
31 358
345 747
362 843
661 27
954 23
920 155
817 309
600 643
436 837
93 602
964 307
582 147
937 841
115 64
281 705
410 999
712 315
531 737
15 432
55 947
406 887
557 461
137 2
835 183
659 706
807 5
424 562
281 995
691 532
87 499
824 179
18 150
650 659
189 106
8 384
541 234
872 223
122 802
86 201
524 275
753 76
934 27
342 535
976 301
706 90
319 605
394 868
696 220
331 131
867 85
933 356
423 755
338 669
112 50
889 456
706 380
109 979
605 618
787 997
516 237
59 394
97 819
245 200
803 355
770 880
520 208
754 675
343 42
740 914
780 313
283 755
122 329
288 683
974 579
991 547
558 130
761 118
509 264
889 765
348 906
49 483
469 966
55 13
607 608
62 943
943 221
484 440
59 788
128 107
314 330
975 659
228 820
465 174
48 402
176 167
910 982
747 528
677 969
452 444
381 370
591 419
573 884
602 570
945 757
384 803
855 223
273 541
393 601
82 883
650 149
834 854
683 103
224 550
446 387
144 669
108 742
968 671
787 69
717 828
460 299
322 260
70 686
543 508
916 534
22 589
553 886
209 766
697 673
700 704
147 704
995 748
830 839
868 414
597 184
321 885
35 675
108 27
697 530
633 652
631 873
264 499
639 418
734 114
365 533
314 601
903 643
47 441
182 592
93 139
809 234
594 624
41 923
316 430
409 244
818 104
912 237
841 217
605 272
735 765
442 372
706 917
727 829
874 275
699 324
81 621
961 705
339 341
123 383
42 848
594 805
692 734
943 710
693 671
107 686
811 556
224 898
903 212
427 807
10 261
104 696
67 332
840 204
141 729
735 502
82 239
732 473
552 623
148 122
663 933
52 478
659 622
113 664
405 518
669 345
512 412
533 506
403 29
740 210
759 726
871 740
569 462
405 728
191 235
104 131
602 142
610 661
96 871
119 85
69 800
394 730
344 289
102 306
643 721
646 484
597 378
543 868
86 241
677 434
39 645
230 972
70 805
770 615
633 575
316 253
598 271
711 36
911 742
75 846
235 900
503 323
292 453
974 665
610 562
740 987
10 786
283 266
212 156
84 432
704 60
909 163
625 542
164 110
631 512
887 954
488 710
175 622
676 1
185 746
148 474
849 563
866 755
244 3
871 102
681 574
686 201
948 134
729 810
92 254
185 964
920 273
3 599
558 263
928 812
988 928
912 549
183 326
958 342
918 927
133 701
893 125
396 909
347 182
238 306
662 400
703 748
90 237
290 507
163 635
828 895
704 821
959 455
968 874
347 359
223 472
483 359
981 748
772 371
927 522
472 980
604 901
152 742
63 496
289 275
203 245
186 909
613 802
687 559
134 613
998 868
838 969
584 568
256 755
459 988
981 959
873 734
857 193
252 525
715 239
492 28
240 205
248 712
658 5
491 476
511 913
827 584
88 81
39 574
779 795
359 349
491 109
457 301
311 414
335 276
173 409
155 178
563 49
356 785
164 172
130 460
847 361
45 735
987 890
879 824
277 508
541 875
68 407
479 589
329 430
339 156
340 707
527 729
73 456
382 66
791 723
735 602
370 570
619 437
487 701
730 653
666 238
371 156
408 146
163 976
690 728
893 831
505 998
931 222
953 634
565 416
404 70
722 73
850 18
297 914
711 983
693 632
107 519
971 874
418 102
699 219
955 309
439 988
814 760
337 986
162 99
521 568
307 325
394 350
824 487
185 51
350 663
422 256
884 491
692 910
725 937
15 435
971 473
399 16
954 729
39 9
920 809
685 535
57 728
394 432
473 409
535 809
740 121
388 150
262 635
327 419
955 590
308 202
62 212
583 882
671 447
351 190
89 876
308 739
151 887
225 42
682 355
424 399
88 138
531 783
144 894
109 922
535 322
666 671
245 106
283 694
359 470
142 392
974 721
154 474
140 89
587 618
329 16
457 43
101 764
407 685
357 578
184 988
653 230
604 372
508 577
219 926
831 703
894 21
594 209
956 424
171 672
763 926
845 329
819 992
289 701
237 671
59 791
81 179
483 739
870 509
630 758
834 514
232 176
30 7
345 631
159 511
661 175
366 159
581 201
621 603
252 2
38 909
739 528
884 463
655 822
825 31
830 264
133 56
427 279
618 942
364 746
703 107
617 494
708 563
228 263
526 874
725 272
874 954
588 40
240 344
441 625
652 717
834 232
908 679
901 797
91 753
476 609
536 610
949 353
581 90
725 114
653 757
412 677
911 653
183 618
807 620
501 67
819 98
503 533
296 37
683 691
158 448
634 47
504 840
909 45
178 57
839 812
552 246
295 850
865 641
250 423
657 429
207 786
115 543
371 393
649 705
503 936
988 264
684 529
906 535
799 53
710 965
839 739
185 574
572 958
538 122
941 15
926 765
598 910
719 942
387 987
907 16
747 465
335 946
732 43
955 268
4 7
647 210
478 939
376 941
216 898
603 318
287 707
621 916
254 946
755 107
814 560
410 826
967 710
569 755
971 643
592 700
223 598
668 737
751 506
382 379
161 422
665 689
393 86
142 891
879 232
498 821
356 171
857 458
413 316
455 161
220 810
78 696
190 982
285 994
416 127
331 372
276 731
562 992
835 705
268 539
160 116
530 242
88 122
154 163
947 919
985 72
513 47
769 863
278 439
812 795
562 706
65 442
566 814
382 619
308 586
682 686
4 323
745 933
544 200
454 423
455 634
994 232
813 612
27 915
121 108
785 195
144 213
253 170
454 310
771 112
468 96
704 61
671 747
710 7
663 407
866 769
886 324
889 224
231 945
253 857
179 618
842 278
826 228
538 47
277 185
667 961
281 62
724 790
887 810
727 689
253 202
384 305
24 728
657 587
874 22
145 872
935 533
315 344
372 287
931 562
651 979
987 330
56 600
755 982
441 162
260 415
985 861
152 496
530 672
555 415
850 849
579 277
617 565
360 477
489 767
660 178
537 230
280 318
403 631
680 983
200 501
773 270
208 32
707 6
412 186
910 681
512 232
663 246
899 696
96 661
986 194
345 250
74 536
330 622
243 727
356 478
820 77
108 303
473 94
671 539
701 478
539 495
77 612
249 992
672 204
394 846
877 253
201 612
329 575
769 778
809 869
347 802
829 378
377 299
675 844
431 194
882 740
758 435
926 207
634 456
395 610
936 414
22 199
153 916
189 974
734 218
572 145
404 515
596 31
590 376
430 219
487 478
608 741
659 375
850 350
104 162
656 43
486 18
269 760
73 463
145 554
135 805
448 613
289 551
550 986
199 301
931 193
809 551
975 264
903 31
279 769
267 367
205 518
862 890
143 24
352 613
466 923
195 107
492 671
219 113
37 928
958 964
651 940
859 1
162 211
642 553
422 257
224 536
320 839
671 438
983 480
824 343
218 42
219 287
717 52
152 340
752 713
658 309
56 31
69 743
929 511
915 463
940 846
622 860
164 412
147 678
840 293
961 14
523 771
526 102
506 165
29 429
397 18
368 142
117 269
245 248
762 978
377 432
876 46
715 999
127 228
330 70
891 683
857 879
385 118
52 527
810 607
631 677
300 513
887 607
947 282
126 311
22 82
290 113
546 856
28 679
253 912
823 356
935 878
758 859
923 434
143 374
158 669
874 12
978 40
921 149
317 752
168 576
318 598
672 848
642 888
736 3
152 244
775 52
832 534
724 556
11 139
984 849
20 939
719 868
759 942
464 213
686 480
926 51
424 867
846 234
487 868
381 481
552 915
756 659
337 891
297 104
765 347
124 69
181 954
625 940
792 209
578 318
688 290
30 689
694 162
821 74
440 235
939 243
727 340
307 893
548 901
934 426
937 470
496 130
497 351
209 611
873 516
303 233
195 528
658 424
899 942
94 294
369 869
47 244
584 960
126 663
207 447
56 281
420 794
338 639
781 319
268 342
786 407
151 11
780 959
668 870
325 788
622 602
13 891
540 217
230 659
1000 974
415 295
182 598
218 791
956 9
151 489
500 189
56 993
46 906
286 528
362 186
490 503
988 410
770 197
631 574
983 657
178 280
165 622
884 842
957 514
345 918
567 839
147 305
323 843
175 682
625 803
205 275
483 689
432 449
708 446
984 958
715 830
741 306
392 377
196 249
608 233
846 214
355 600
1000 967
802 9
55 727
224 593
411 587
375 826
376 652
911 270
949 199
720 273
836 335
56 249
789 735
846 992
104 133
488 356
993 386
53 212
592 106
938 138
132 197
351 467
869 658
104 276
506 392
624 603
311 865
402 191
576 670
61 858
62 237
28 5
375 382
433 723
472 135
859 188
152 985
965 629
605 654
36 671
682 425
296 228
450 629
469 471
592 438
847 742
631 847
49 333
725 134
260 329
144 839
423 175
553 45
224 501
153 959
117 118
156 566
254 305
42 475
832 99
804 457
788 186
899 471
222 930
723 251
121 333
378 612
876 427
560 556
907 569
232 717
656 95
589 687
21 195
841 613
757 329
724 162
504 289
567 216
259 627
405 213
387 822
250 892
33 817
91 432
44 10
156 115
487 974
76 443
628 248
856 597
524 403
108 868
966 888
552 988
529 815
775 290
778 2
411 599
750 318
289 312
426 120
1000 29
708 854
982 157
967 666
493 64
848 81
852 484
1000 428
674 821
837 775
273 884
330 623
384 523
317 355
109 1
551 494
809 731
717 962
319 570
657 927
40 935
39 683
464 519
504 564
990 948
57 632
886 229
890 90
669 641
655 338
623 718
807 567
67 178
39 905
852 172
528 682
819 373
841 437
804 271
124 575
357 731
943 836
467 119
196 607
788 891
314 654
791 112
943 742
549 174
178 902
573 312
944 664
654 555
176 961
325 288
533 779
475 351
992 99
386 420
408 148
337 338
585 500
397 387
374 41
671 2
858 519
474 268
682 745
572 581
722 214
742 157
229 38
232 342
821 290
276 233
314 292
372 530
194 782
307 725
171 704
20 246
975 990
146 951
102 542
787 332
592 788
753 907
329 879
950 667
735 403
61 672
7 702
755 414
462 304
373 751
137 225
670 405
418 123
15 192
290 961
420 912
611 383
169 144
948 142
259 419
995 109
30 51
809 977
916 851
856 404
801 533
3 55
188 105
795 51
155 144
411 266
438 159
895 226
1 522
919 82
831 679
840 535
947 285
289 910
309 892
199 568
444 289
616 786
274 800
666 46
870 701
427 37
839 761
145 533
112 576
721 566
206 142
443 232
7 427
712 783
162 304
182 183
737 204
561 30
466 858
380 756
253 98
719 837
667 726
495 279
637 476
536 283
989 479
850 903
279 917
68 984
518 238
637 62
251 879
413 52
161 91
785 897
259 946
66 344
963 986
565 946
821 472
972 916
440 125
21 544
143 171
975 803
29 245
122 300
329 779
113 940
994 559
501 796
808 695
471 561
525 250
169 867
596 702
619 227
174 524
614 52
51 323
344 503
497 303
5 286
66 796
285 574
821 924
804 439
690 84
421 46
614 953
80 608
982 641
285 687
568 437
87 871
127 266
844 354
248 625
65 333
178 164
966 149
334 611
64 3
379 976
148 739
295 844
832 24
245 509
726 612
909 188
946 890
633 92
652 226
704 88
583 442
608 686
737 14
993 100
427 634
745 523
563 694
177 87
896 515
223 924
421 567
728 614
186 94
258 675
760 55
284 935
763 956
73 736
663 561
371 967
284 982
603 929
772 803
534 710
236 374
902 410
745 71
341 532
693 303
966 797
290 466
81 447
190 363
446 241
854 722
885 184
533 263
368 557
1000 34
599 10
376 764
881 353
220 949
691 544
782 393
837 802
270 221
354 375
725 321
318 233
209 536
711 370
235 573
752 609
905 971
222 325
688 557
781 576
599 473
527 108
880 520
240 164
147 880
506 658
264 180
800 70
506 107
132 461
715 85
623 580
972 380
478 13
227 271
761 653
342 588
957 97
482 502
743 400
250 231
801 733
697 924
574 506
888 605
376 305
377 216
178 475
914 487
183 878
165 815
115 588
461 584
652 311
233 505
378 754
110 849
145 691
278 899
58 756
981 955
887 951
619 61
250 552
931 969
679 907
875 738
488 600
567 170
507 972
519 711
474 646
375 380
665 87
689 105
366 891
684 420
387 838
546 325
33 382
999 358
996 566
660 205
147 498
53 939
924 714
301 517
509 738
896 918
594 99
868 831
727 100
342 450
789 641
464 444
47 619
907 762
214 8
587 622
732 24
848 82
705 767
333 662
741 233
965 562
165 429
960 555
388 76
265 287
674 933
34 580
240 369
702 111
761 689
522 753
853 129
543 837
425 994
131 607
4 3
922 522
902 748
173 756
835 539
859 928
187 568
744 735
140 338
240 942
5 520
748 14
839 865
696 401
71 507
342 617
430 110
508 858
711 841
71 392
793 682
25 336
758 194
210 812
232 780
310 371
81 537
620 886
651 482
154 790
227 699
507 344
9 362
326 632
681 543
245 632
361 91
951 156
239 158
101 153
211 697
964 25
860 415
928 698
901 665
738 813
833 755
569 297
508 83
980 45
555 266
349 893
890 887
986 386
885 972
927 747
289 323
473 414
574 788
497 32
706 180
416 74
180 19
329 767
131 433
388 32
310 922
543 936
378 148
506 449
14 158
18 37
434 850
520 778
915 887
291 644
361 737
496 70
982 378
341 354
435 229
682 366
154 263
516 231
340 46
822 894
514 551
934 840
738 73
757 859
313 882
615 653
615 846
800 364
430 27
52 521
614 591
581 414
304 454
670 993
583 320
922 40
329 21
849 862
340 371
253 942
275 820
633 48
952 496
951 328
362 102
20 736
607 620
666 94
98 556
300 176
845 972
757 256
978 47
676 826
719 836
723 257
836 32
535 938
824 680
924 643
262 30
798 252
219 95
935 407
893 147
785 896
721 2
258 768
262 824
467 950
485 385
734 792
897 511
34 75
927 719
513 655
462 867
130 813
458 622
366 367
132 227
133 182
137 179
891 156
593 362
601 871
393 362
947 783
492 208
666 228
267 713
46 281
799 907
982 279
81 908
751 606
666 988
558 742
716 900
283 4
670 656
730 423
661 947
95 299
575 541
279 48
367 674
669 584
50 408
699 497
633 769
301 297
653 980
804 896
196 513
748 86
737 803
774 872
403 893
5 977
45 804
961 955
266 595
448 786
726 613
883 630
439 44
154 172
796 531
510 67
280 762
797 811
814 123
317 673
945 248
968 295
80 478
624 441
625 848
555 889
148 433
521 953
922 216
634 750
249 580
267 37
90 576
976 596
775 901
742 120
779 462
319 281
376 833
231 765
971 934
435 968
208 394
633 415
12 582
286 125
548 400
312 408
609 646
737 457
594 466
64 797
945 644
359 369
641 492
665 261
240 20
767 869
548 630
471 257
661 305
989 708
95 661
43 6
690 803
125 926
310 560
994 577
242 218
649 362
461 444
172 561
887 402
907 558
394 631
659 193
769 513
974 114
501 480
707 333
88 699
397 741
588 248
792 461
132 86
9 997
877 22
952 147
386 713
243 794
597 247
748 773
549 884
571 772
221 643
528 561
468 44
296 117
248 398
959 726
249 187
343 769
397 169
218 838
827 604
23 83
966 1
382 840
473 684
171 801
376 417
102 727
124 775
892 889
718 529
757 53
837 400
575 868
135 795
376 16
747 3
912 92
558 41
390 367
235 770
106 40
74 22
415 200
788 566
645 903
906 665
535 359
566 59
283 842
747 289
768 682
171 749
614 83
195 227
512 687
341 971
941 274
251 712
574 534
91 35
77 76
3 889
997 11
963 119
141 987
146 583
475 817
99 637
428 393
195 430
214 158
180 282
128 373
759 694
330 538
462 971
51 412
712 482
844 231
789 610
920 751
740 464
759 468
907 648
9 944
726 7
272 940
905 206
526 798
468 866
677 338
151 879
481 790
89 412
640 804
827 666
458 235
650 209
705 58
856 442
782 934
804 698
930 877
643 380
383 87
887 711
856 41
784 710
782 849
714 139
535 427
421 711
79 799
282 63
179 941
491 143
329 120
930 871
865 158
575 779
390 553
179 986
474 982
515 84
131 863
885 196
723 153
303 602
605 197
71 681
41 622
996 710
101 422
357 780
853 919
552 382
934 306
295 458
542 601
323 437
778 381
358 430
362 805
616 848
685 702
405 247
309 331
699 223
652 967
268 181
730 763
517 551
30 446
15 270
987 73
381 474
163 539
495 342
78 426
741 42
85 470
855 54
660 960
517 985
169 619
9 242
851 855
640 444
660 951
476 964
385 727
407 406
579 161
925 469
748 536
630 540
385 832
299 646
74 650
4 81
529 984
709 788
835 617
821 902
273 112
769 875
847 954
722 973
887 389
14 441
476 520
796 251
669 611
468 100
606 198
753 818
790 409
666 667
574 288
302 588
689 522
283 345
601 454
52 522
538 465
761 136
743 296
183 150
946 10
305 914
328 461
787 710
922 35
540 406
279 354
999 19
267 346
305 995
433 54
741 664
510 36
700 236
300 802
126 20
989 138
42 889
685 145
723 34
399 527
861 496
298 287
281 356
686 284
176 126
239 189
793 193
711 951
177 356
675 229
606 562
863 776
76 622
500 574
584 41
547 959
17 856
312 364
828 844
280 202
377 842
907 295
51 649
983 16
661 284
310 954
499 210
545 307
747 821
593 79
830 268
423 846
337 632
837 844
865 975
803 647
759 495
766 180
462 771
583 701
566 437
289 479
860 658
452 292
352 853
706 8
464 675
156 105
857 140
964 720
895 588
587 279
715 218
240 186
839 30
65 33
490 574
625 41
395 705
24 77
990 114
518 997
577 63
406 451
784 456
726 664
9 543
459 599
101 826
652 446
121 84
212 133
527 974
277 463
39 800
795 398
743 332
746 688
398 641
918 72
690 43
853 621
712 591
384 442
300 774
641 710
242 565
439 205
277 18
885 301
724 877
345 772
381 94
441 281
868 592
46 704
287 830
805 701
629 985
647 206
304 616
957 850
797 765
745 180
897 143
826 31
704 809
737 456
941 702
814 564
293 927
898 531
24 188
116 546
155 978
172 780
893 182
595 564
946 842
854 323
376 766
509 574
937 533
316 694
265 828
927 674
128 405
990 530
635 193
907 958
130 929
347 685
477 534
89 22
87 551
127 458
308 304
881 210
260 179
613 747
706 415
944 637
800 88
105 796
168 177
473 864
453 42
653 91
105 941
202 241
889 281
541 608
709 526
31 534
737 733
719 421
204 694
406 94
875 42
828 99
597 810
598 605
861 229
386 189
705 409
745 596
528 510
123 812
487 263
179 622
184 920
595 438
462 195
546 526
837 29
965 232
859 637
306 599
681 545
297 808
563 517
33 530
620 562
478 573
883 224
721 653
650 643
651 166
779 493
764 549
275 161
676 19
953 466
247 78
502 155
101 244
305 503
548 437
898 580
656 763
465 233
963 118
447 41
233 853
594 326
8 573
276 619
9 324
885 131
806 627
902 166
375 136
986 95
769 755
668 487
887 237
997 381
142 970
498 109
764 463
655 8
363 494
894 862
772 468
235 466
943 269
356 425
754 324
541 290
672 63
72 139
936 356
592 262
465 828
317 179
844 676
141 397
98 450
279 639
749 737
622 529
970 30
4 434
46 205
874 434
122 319
907 776
733 365
145 268
74 186
239 740
19 791
663 70
956 204
961 610
378 532
235 133
911 960
700 201
993 49
583 790
644 512
59 32
187 87
686 261
662 228
444 749
879 753
715 874
664 968
404 67
409 755
48 29
837 275
661 37
763 223
777 568
802 221
342 258
778 554
897 247
220 682
883 26
985 558
399 238
685 641
51 733
826 297
13 837
649 336
851 854
711 534
712 432
342 95
308 91
290 762
147 95
20 471
999 637
24 487
423 826
887 241
526 985
566 430
114 297
51 21
673 404
912 684
730 175
930 573
203 101
519 358
528 573
904 64
632 161
639 598
182 957
240 238
5 328
53 604
277 712
923 74
23 181
107 239
904 939
648 419
207 312
511 66
134 902
620 39
770 842
83 503
908 252
510 88
16 460
326 809
18 630
991 553
478 628
524 812
79 16
281 73
923 438
103 174
79 885
483 776
48 219
357 815
804 226
533 812
104 578
323 992
570 270
968 491
290 235
54 112
239 188
120 671
432 856
271 753
864 187
977 508
116 856
813 210
686 484
944 195
163 528
825 832
929 227
977 802
873 204
391 713
859 97
452 457
475 888
846 793
753 439
169 582
349 335
411 641
484 841
211 146
510 957
848 28
360 838
964 326
256 513
866 464
796 395
856 678
714 7
240 187
351 153
8 49
193 235
697 683
346 571
57 580
938 839
192 941
191 689
984 185
198 151
169 403
23 472
575 543
390 837
982 759
623 771
754 622
313 908
779 951
868 659
586 439
469 529
589 980
71 445
516 350
420 75
205 971
477 102
758 153
620 154
400 919
678 510
112 385
81 726
942 67
524 801
413 655
966 497
469 883
672 658
934 679
993 121
337 509
135 838
304 194
126 49
93 984
900 866
40 377
340 631
738 542
965 277
841 799
326 721
612 606
484 297
927 873
567 824
586 557
418 171
681 887
526 979
8 947
7 831
447 52
322 408
537 381
281 530
525 783
450 235
108 915
392 113
705 615
542 82
507 87
788 182
659 939
233 555
682 224
959 796
284 4
472 796
234 903
19 209
60 547
647 947
963 614
577 248
868 297
852 950
563 756
621 15
492 69
536 579
577 105
481 316
616 401
2 867
981 135
827 737
293 133
477 936
313 831
116 3
67 136
399 566
377 108
896 934
914 339
213 104
130 482
762 121
447 801
781 1
196 615
69 255
344 786
879 802
161 645
550 153
136 574
619 161
608 734
862 327
165 701
534 165
934 707
159 32
948 987
932 480
838 579
497 659
754 345
245 609
582 352
612 997
953 608
739 247
634 627
387 843
941 272
102 788
418 207
256 30
108 370
37 951
388 523
544 865
944 139
798 58
357 426
251 699
108 864
346 157
581 603
488 422
580 160
474 249
350 588
223 454
61 551
280 434
7 961
881 258
554 376
782 10
848 85
872 91
104 229
710 631
17 722
497 394
15 101
833 336
423 471
857 942
425 198
709 830
484 615
952 177
443 550
557 934
155 106
504 568
748 875
624 857
274 372
517 339
101 20
143 618
602 595
895 202
226 199
37 164
682 646
684 801
230 351
781 37
231 242
568 590
240 655
991 564
685 393
740 884
887 999
411 379
423 420
555 933
221 169
343 419
923 429
563 834
470 648
92 442
960 963
187 86
941 193
562 182
656 447
868 842
767 883
386 416
462 79
672 841
918 708
391 966
547 52
486 448
73 701
609 339
628 169
795 924
423 497
280 65
817 302
824 638
327 597
55 746
650 390
634 873
564 576
871 580
547 786
931 435
988 672
536 33
315 916
792 75
521 435
685 414
614 933
34 786
161 413
517 926
522 958
869 325
878 493
548 622
661 585
60 628
43 878
869 726
973 930
143 828
973 632
901 235
406 731
290 844
41 466
732 447
776 27
448 508
321 866
341 367
70 871
961 178
526 26
37 247
260 938
763 507
927 352
18 740
643 53
430 137
287 256
14 584
843 400
801 996
258 441
461 670
443 127
120 992
546 708
487 334
70 434
958 938
497 714
295 539
222 521
832 845
64 743
121 506
432 123
624 495
278 908
757 269
405 152
667 573
673 696
436 514
185 774
585 357
968 123
203 742
238 837
63 882
567 462
263 364
176 350
276 854
146 634
913 675
42 699
336 404
30 408
966 836
915 818
663 892
869 391
356 46
52 231
434 675
385 640
320 727
69 932
621 375
217 849
99 420
864 760
707 667
856 568
708 569
539 573
811 304
104 332
913 352
527 470
114 733
80 469
208 666
100 920
91 759
511 966
738 430
65 464
573 823
693 703
476 494
672 471
288 138
952 583
3 23
867 340
227 757
926 811
636 655
505 507
526 272
641 570
571 441
643 84
40 447
993 801
435 48
904 520
124 877
819 695
325 450
20 528
827 128
684 527
996 777
140 715
852 309
948 960
236 946
940 816
101 508
159 220
128 800
884 117
977 317
940 967
655 409
300 38
466 826
324 428
346 356
930 680
777 742
225 545
928 886
546 317
380 907
702 680
295 242
876 919
722 55
589 202
150 834
391 986
856 839
690 847
431 515
574 753
977 643
281 642
747 787
733 732
972 948
591 674
151 753
43 904
635 850
583 530
858 63
751 808
221 845
57 788
316 551
483 46
545 63
807 676
380 876
640 277
374 753
481 593
66 927
639 664
251 331
566 518
400 409
972 233
791 679
387 165
620 315
435 177
53 610
915 379
293 51
708 21
499 994
939 513
744 743
507 515
109 971
210 546
248 401
126 406
236 466
183 757
884 614
866 57
888 609
64 99
903 863
35 418
451 833
112 351
170 883
979 251
942 493
452 793
272 175
737 957
663 991
634 303
16 164
864 312
420 334
650 943
903 275
232 562
162 261
110 695
898 177
97 841
943 213
832 693
620 556
604 425
487 743
976 576
427 888
845 162
228 575
750 630
458 926
239 247
42 593
462 274
856 10
603 272
729 973
15 646
309 485
368 879
357 425
450 349
409 112
513 953
401 647
608 377
131 957
295 103
119 355
636 335
820 902
200 507
147 212
497 175
488 310
986 93
346 956
57 199
846 961
906 314
467 736
803 910
398 118
915 72
249 410
204 129
668 272
711 338
407 823
4 120
811 376
482 430
639 700
769 780
455 417
38 395
885 786
892 468
35 659
112 14
321 383
645 258
509 429
108 90
970 141
737 654
164 171
476 325
477 143
988 363
528 318
668 422
844 900
540 403
443 997
83 74
65 927
88 500
417 642
20 601
172 364
998 713
214 787
915 224
894 145
487 293
127 770
611 625
103 277
180 790
624 452
901 850
466 125
261 563
444 751
484 396
176 85
414 467
552 752
914 907
538 815
171 714
735 528
361 232
822 111
988 899
792 378
497 920
122 942
336 282
319 163
266 61
807 334
310 802
81 106
233 823
677 942
186 743
295 11
99 666
209 206
321 436
955 665
298 908
959 113
601 621
252 475
470 390
227 812
469 972
192 566
803 938
369 226
646 276
373 746
678 572
130 615
243 806
1000 683
543 805
303 64
251 371
626 349
990 778
874 867
47 79
196 779
786 429
515 761
255 296
437 827
979 484
800 241
359 382
472 354
24 811
763 506
252 893
2 254
973 955
979 194
67 796
143 266
601 372
106 826
533 743
398 680
240 684
832 928
495 666
529 128
326 958
789 446
607 475
365 988
791 256
174 258
413 602
328 174
201 160
858 662
314 897
97 503
405 54
120 80
671 975
799 154
768 742
966 761
804 236
941 437
361 59
491 680
976 520
819 790
436 690
94 946
755 916
189 838
371 927
798 224
232 183
911 387
574 587
294 274
881 981
209 298
285 245
86 544
38 791
692 187
100 212
816 749
393 140
692 304
659 169
19 70
962 10
303 262
399 461
605 898
761 501
712 20
705 852
501 441
990 970
928 245
412 414
584 631
532 511
791 642
313 583
497 290
544 453
929 669
435 84
787 811
347 864
888 872
960 309
268 332
730 419
454 35
365 636
277 746
117 491
373 913
947 94
197 323
70 979
752 6
239 994
494 979
481 496
889 499
83 292
766 555
330 247
926 955
856 147
912 229
753 573
537 760
184 784
261 984
499 325
838 246
36 180
239 399
115 917
560 518
614 329
905 929
853 987
712 705
50 984
879 607
935 921
516 525
955 39
940 817
888 2
735 979
963 464
395 108
805 553
745 296
49 225
824 729
589 487
475 11
980 688
305 456
629 599
873 29
837 634
510 658
190 364
137 352
12 672
566 219
256 338
475 838
42 364
869 442
281 641
820 850
472 960
324 609
697 9
716 291
60 735
5 202
119 188
330 195
69 903
655 128
808 777
539 525
316 544
152 513
541 57
114 984
482 395
782 172
948 220
743 274
746 700
41 408
593 731
578 81
173 651
312 677
758 430
9 171
527 777
530 95
658 168
252 967
970 150
737 609
701 6
648 494
372 520
602 637
982 134
758 217
92 515
222 138
994 227
83 448
474 847
37 287
149 693
633 914
540 426
444 375
102 383
529 191
359 100
831 798
323 527
487 256
839 559
328 151
770 82
311 118
258 382
791 328
888 431
379 804
896 484
366 546
166 942
723 479
430 531
606 616
537 103
823 878
712 987
430 642
676 894
698 146
441 171
663 592
101 241
158 8
876 422
381 321
309 484
235 310
96 479
498 31
799 286
512 968
327 512
609 535
42 368
100 398
618 335
15 423
82 856
241 208
318 428
674 220
381 532
479 25
384 658
242 250
977 885
506 327
124 250
240 487
129 706
99 428
523 574
907 991
575 393
402 157
305 132
872 950
728 427
29 474
123 419
714 578
880 294
734 641
596 610
670 605
36 697
737 540
850 647
368 153
978 311
533 799
361 625
771 452
629 312
991 673
904 739
572 891
162 981
143 778
439 483
595 377
153 782
791 475
176 665
339 55
281 114
640 282
362 15
404 872
524 105
227 891
693 686
286 268
268 546
862 579
187 217
81 830
283 810
500 695
237 580
642 798
717 378
366 792
702 662
314 191
371 898
210 508
450 271
214 476
135 73
396 542
438 276
247 584
722 355
542 142
68 881
894 701
508 104
475 785
845 841
206 739
516 831
87 164
520 80
459 261
207 931
794 790
323 466
843 667
622 122
55 827
66 16
203 425
234 842
473 18
752 430
414 729
881 14
221 549
919 420
62 175
155 475
818 569
691 317
543 804
805 269
994 470
227 509
88 917
294 669
633 767
170 647
9 515
838 350
197 366
74 507
19 598
706 740
409 102
970 49
24 859
580 688
871 371
339 98
18 893
328 497
148 580
594 532
831 961
79 108
481 181
806 682
178 367
1 302
129 273
439 116
421 985
210 924
818 351
488 518
234 22
497 712
116 22
776 695
390 299
727 630
289 708
433 317
595 224
888 86
337 176
245 551
376 810
23 712
500 651
46 539
243 297
896 202
56 535
572 854
178 21
176 336
507 366
695 363
256 216
39 199
495 257
251 869
507 479
669 68
301 729
655 830
983 413
950 718
720 187
114 102
96 741
995 499
229 951
199 291
401 360
190 34
947 741
782 209
783 184
402 229
761 620
801 881
355 223
429 572
782 64
929 668
566 683
865 542
79 524
208 555
800 175
144 963
731 921
515 724
734 488
494 865
944 794
743 681
636 538
268 476
610 189
520 141
326 249
18 710
154 77
709 328
107 490
70 242
183 945
314 832
996 932
334 263
868 114
662 65
274 894
24 597
704 247
572 14
135 835
372 865
491 617
84 520
582 94
326 581
662 163
721 677
522 478
10 611
930 519
240 516
987 358
989 396
920 173
741 315
353 618
154 621
229 23
234 447
498 504
322 657
16 661
860 270
439 653
152 501
968 887
18 418
954 822
792 133
242 68
150 819
941 604
484 921
531 800
270 308
664 749
223 380
741 255
856 615
530 408
217 947
510 988
95 950
505 587
498 956
797 174
289 511
700 927
810 75
646 477
540 880
522 711
246 337
364 996
256 671
316 775
647 829
446 646
748 770
251 314
548 984
175 61
995 222
623 691
297 823
739 430
904 889
889 285
9 603
801 727
567 764
625 299
429 668
224 396
121 411
410 17
143 259
861 880
353 674
866 934
283 690
893 607
529 190
969 439
827 817
365 786
611 966
210 981
192 328
12 35
585 231
912 81
560 833
241 937
480 51
568 320
231 830
163 38
609 106
774 430
698 800
149 104
775 996
462 481
138 507
195 230
641 448
242 730
639 462
832 597
50 686
548 433
508 214
391 765
626 992
362 870
220 625
501 828
636 329
103 772
182 5
682 929
445 965
542 77
454 541
954 701
459 233
317 267
446 497
329 709
420 532
38 175
933 850
592 220
702 17
579 998
692 15
35 772
643 581
313 638
902 742
544 14
657 801
714 978
817 317
558 547
9 742
691 510
359 340
148 835
459 642
776 320
602 606
553 114
292 482
719 389
154 463
466 301
212 509
434 847
239 736
41 951
857 565
287 190
664 703
257 895
19 904
576 91
23 848
853 545
693 828
240 332
435 760
334 494
45 9
887 774
690 382
448 637
654 733
439 319
490 232
571 825
550 978
738 594
633 376
999 345
896 368
626 723
662 363
524 328
855 382
548 326
514 496
534 273
10 85
158 101
15 740
732 410
655 897
898 548
99 527
688 208
928 559
307 559
698 393
829 865
522 91
191 116
181 942
494 159
96 730
26 993
657 705
666 272
740 98
43 978
205 180
212 571
194 90
772 293
367 629
247 195
639 717
839 511
793 709
623 420
130 613
339 553
122 155
450 658
416 814
933 199
222 406
795 234
703 429
285 708
752 141
623 634
2 474
19 488
791 862
430 434
786 314
375 14
349 162
666 740
445 987
601 457
784 807
752 107
719 409
652 358
487 101
608 554
511 355
97 43
170 841
712 386
747 49
13 301
788 917
365 986
62 970
537 373
179 682
932 468
477 248
296 654
614 306
392 845
870 136
598 891
875 802
549 429
741 693
103 392
936 589
367 503
177 671
159 283
72 435
751 349
953 270
568 902
167 828
885 743
360 398
323 2
440 522
722 512
590 68
665 307
59 524
651 426
635 290
603 459
997 394
418 357
464 491
304 223
794 72
893 286
7 522
601 591
817 698
584 667
930 379
270 200
221 870
699 698
132 233
246 731
997 433
229 519
801 142
96 964
298 128
514 880
142 49
952 253
38 70
890 329
283 109
29 385
566 680
861 728
577 518
41 51
479 353
957 85
252 957
38 288
539 205
335 294
139 763
601 436
19 629
978 566
634 52
248 487
836 680
13 111
608 583
625 415
904 700
563 993
467 52
72 900
988 402
454 338
611 941
373 290
747 29
286 427
32 710
828 442
336 920
997 605
167 431
470 78
818 414
614 222
945 67
214 712
805 727
304 931
59 989
875 671
343 413
271 672
736 39
202 975
273 293
519 510
613 495
840 223
541 345
768 994
141 800
684 507
542 180
266 499
530 868
512 727
298 800
262 911
121 983
818 757
33 437
270 394
241 298
60 874
951 958
88 808
255 985
103 505
939 70
635 855
691 553
263 640
548 850
166 972
783 110
380 441
330 706
521 59
354 220
449 240
605 789
967 146
351 249
282 912
376 964
801 500
87 659
515 674
934 168
421 459
118 156
903 840
500 507
725 142
400 201
404 641
277 637
616 691
891 619
890 34
495 561
44 559
512 889
620 250
53 763
698 604
459 881
650 508
98 652
875 972
344 564
755 530
771 793
370 524
576 495
371 285
653 293
910 906
81 976
889 455
543 202
343 304
382 270
55 508
341 970
846 8
444 229
510 642
784 457
453 690
183 457
81 3
65 646
872 274
764 768
945 730
894 647
42 382
542 35
265 213
453 980
275 12
854 743
389 124
172 636
307 927
345 336
808 856
865 921
510 878
829 574
928 337
674 845
547 553
694 924
118 478
3 968
570 637
496 194
961 392
891 971
506 39
71 61
549 204
630 468
984 198
360 672
902 169
848 917
123 927
373 934
139 690
307 456
914 288
131 22
683 613
353 154
460 730
779 866
445 362
446 608
697 961
645 545
465 977
339 72
126 256
218 983
735 686
897 500
124 172
448 975
714 486
642 75
757 388
734 973
62 958
418 922
71 820
519 288
520 642
68 206
106 409
930 372
966 547
314 202
354 911
595 183
941 479
673 513
621 843
58 215
451 452
635 723
279 905
788 421
111 78
441 54
205 53
907 305
987 79
200 395
535 894
422 318
629 702
483 976
480 907
134 130
156 462
449 380
67 189
17 703
536 84
973 129
133 970
924 971
907 543
503 86
30 322
807 62
259 636
226 761
462 809
467 641
584 719
824 190
137 195
113 9
170 464
298 173
963 661
761 598
743 866
838 690
565 282
880 324
796 729
130 533
994 468
478 61
406 334
782 21
316 906
491 434
260 6
312 607
101 959
961 182
601 95
819 16
982 748
386 546
880 34
473 972
166 473
633 878
761 289
245 112
430 34
801 670
35 494
142 406
878 924
844 596
631 700
122 348
605 257
217 123
808 61
239 519
758 801
889 54
840 622
602 853
896 640
552 34
291 86
386 382
776 554
270 877
113 186
324 150
145 525
774 560
723 40
357 810
58 868
241 705
442 40
206 1
577 947
337 182
193 906
747 495
785 718
496 35
258 582
7 65
154 535
476 417
580 20
138 3
972 686
555 478
521 578
43 130
48 284
532 70
271 914
116 635
686 715
746 478
381 617
458 518
703 12
479 730
276 23
747 952
674 307
972 995
55 793
938 159
978 167
579 131
621 260
969 867
18 241
810 85
152 599
66 229
692 81
14 125
506 868
57 990
152 966
982 302
658 48
36 620
682 442
338 628
874 834
302 299
572 413
131 193
922 764
505 14
72 679
623 782
576 887
616 600
780 321
503 668
16 414
624 67
842 6
643 203
738 215
206 417
278 114
118 893
874 503
383 817
443 46
503 930
571 298
720 928
40 306
261 854
387 551
7 374
214 862
675 472
452 967
842 331
510 213
441 434
993 237
386 501
650 518
376 577
656 507
510 292
348 135
106 465
55 264
556 243
81 149
462 314
708 54
301 904
195 157
343 13
733 901
370 173
279 945
484 165
233 867
877 570
141 944
133 864
551 782
882 163
777 853
730 991
622 225
403 407
901 508
189 442
760 496
599 243
964 540
968 599
95 944
378 668
906 405
800 880
928 165
952 43
518 270
460 322
887 37
468 853
237 368
739 242
288 290
991 424
478 245
407 43
981 130
622 652
218 942
334 980
238 758
688 914
831 253
641 562
511 196
258 168
421 300
981 484
783 594
257 992
990 370
836 540
179 967
992 882
956 149
947 613
325 418
93 902
511 395
225 246
245 763
961 698
177 107
548 78
509 182
440 931
918 840
758 523
210 245
746 963
818 500
88 521
104 485
738 575
261 620
336 942
379 519
694 210
353 628
172 200
836 103
620 895
483 955
206 795
445 737
488 328
264 911
786 735
626 798
608 381
103 646
725 922
617 225
212 835
871 684
984 648
744 252
237 780
566 341
143 12
844 143
60 766
155 722
817 705
125 556
511 727
132 162
178 544
477 575
72 871
915 445
810 45
722 849
464 609
763 769
416 772
679 317
973 544
174 703
838 742
450 575
490 624
236 12
74 371
249 448
493 635
352 625
649 843
245 234
28 256
250 144
343 845
472 394
113 424
154 346
982 560
515 959
884 582
22 221
706 526
211 148
782 715
382 879
5 786
616 831
94 312
174 123
124 802
729 448
14 992
552 71
951 321
220 205
477 218
426 751
392 851
745 459
413 995
116 632
788 721
141 660
497 690
296 547
171 689
543 169
672 846
380 745
881 788
243 35
775 970
481 633
105 70
305 388
223 754
261 465
669 500
281 435
980 747
431 993
472 750
141 871
147 278
185 207
632 288
794 627
814 630
285 124
785 924
648 672
632 399
320 849
746 507
932 683
840 950
159 724
777 877
674 670
122 596
930 341
260 460
63 281
618 576
839 360
324 971
858 486
829 690
100 786
851 954
597 91
320 249
130 611
367 740
881 156
238 627
758 378
999 580
305 600
450 515
956 785
683 563
479 626
786 312
959 527
494 827
813 529
83 268
660 55
803 357
752 109
239 657
168 14
131 898
169 347
813 674
626 896
567 599
918 423
84 785
654 413
568 990
148 566
849 743
250 616
309 479
239 484
276 338
921 99
116 17
922 204
245 691
486 135
150 494
233 100
366 840
828 613
557 97
789 768
341 662
822 79
124 377
911 399
418 240
794 950
560 41
824 398
345 491
972 830
994 962
841 558
9 134
71 463
953 560
368 649
775 264
300 680
445 779
137 42
622 181
894 958
365 52
402 62
593 465
281 971
178 537
235 584
255 517
256 519
497 341
687 744
800 964
396 634
332 353
685 426
98 162
498 712
709 898
990 117
447 907
900 389
459 767
500 481
597 61
744 543
946 199
292 469
535 379
296 16
140 340
305 806
839 801
552 225
495 543
831 913
889 96
232 829
925 792
529 215
69 150
456 293
365 811
465 681
600 156
896 621
439 85
813 424
486 208
571 154
702 992
408 166
210 14
620 965
54 935
591 196
784 336
915 518
606 515
976 1000
849 382
595 878
923 807
266 110
638 944
113 992
950 28
514 165
21 504
461 193
337 947
402 714
937 892
664 36
816 943
754 970
986 467
859 67
897 418
539 833
575 135
647 378
337 861
428 556
753 341
957 551
971 363
75 318
901 12
777 54
887 183
816 540
178 573
26 702
43 685
869 745
377 683
433 713
186 216
986 791
326 284
463 265
991 26
268 381
832 433
636 859
434 245
844 296
864 401
369 904
723 585
407 42
710 449
405 675
364 133
439 213
464 819
342 692
18 662
511 199
390 938
196 621
236 350
138 14
641 537
145 855
244 23
448 532
913 574
400 555
516 749
186 136
185 971
978 92
393 594
448 643
34 362
56 756
201 461
475 250
488 895
641 453
401 856
163 777
721 791
632 150
405 844
445 655
176 140
656 646
324 284
185 178
663 989
543 379
851 722
484 41
802 402
396 575
683 904
760 536
321 192
526 597
854 358
503 76
308 681
86 574
865 927
384 662
759 319
562 857
851 816
256 772
125 555
425 191
856 452
912 839
986 888
329 603
921 959
441 581
1000 692
748 978
674 557
127 407
716 176
772 98
501 238
743 191
140 500
748 865
714 977
108 448
805 486
457 328
194 61
320 946
8 227
714 779
52 655
715 505
772 128
520 249
571 654
633 662
895 240
594 669
690 136
908 215
106 963
517 364
487 66
678 425
511 328
171 773
705 461
468 413
127 952
790 70
600 234
432 454
231 974
604 139
746 707
756 273
760 154
814 955
391 30
784 250
894 229
783 964
196 985
58 499
42 796
187 221
935 253
524 244
943 642
327 813
236 774
538 808
228 950
944 79
176 217
929 509
987 163
971 870
76 578
278 738
741 368
192 75
803 277
868 885
150 668
655 945
397 865
881 710
60 957
295 6
336 61
579 395
730 997
215 879
643 998
489 677
717 41
683 473
393 155
522 88
807 56
920 676
61 694
119 96
674 879
803 849
122 740
902 935
706 60
320 495
980 968
866 438
96 938
854 223
35 805
623 534
387 224
969 560
286 532
62 397
209 943
691 479
851 694
352 653
114 996
444 213
304 608
31 983
43 68
398 646
828 179
171 124
761 144
64 416
466 268
235 201
218 937
171 865
118 646
139 271
379 898
715 592
438 793
666 52
98 690
448 557
362 111
149 971
921 98
888 491
176 999
619 397
547 248
15 950
603 841
606 661
883 304
607 470
686 269
120 196
146 850
201 389
298 553
847 103
633 394
529 711
533 23
870 376
284 635
102 726
488 198
566 65
197 738
950 416
147 309
367 214
495 269
139 364
111 221
60 833
833 583
294 358
316 212
967 901
475 465
901 23
647 567
744 68
412 100
622 37
311 790
423 410
339 601
356 409
365 341
332 354
818 729
122 186
144 936
173 69
313 699
151 175
99 198
332 266
848 607
316 93
193 270
657 127
568 302
147 530
631 749
966 18
549 10
418 540
532 824
311 331
44 582
540 323
106 795
201 101
723 232
615 910
391 320
140 960
399 853
736 365
610 266
545 710
82 179
324 244
721 520
738 422
921 126
480 410
707 589
998 124
753 55
802 971
452 80
399 619
491 746
920 258
349 760
554 32
82 469
543 96
909 630
54 87
435 979
202 970
10 153
570 640
944 230
896 89
200 374
291 592
375 783
391 554
251 773
346 525
556 930
833 547
100 102
707 22
47 601
319 964
341 892
52 193
110 59
316 590
946 725
198 558
556 704
575 100
502 848
229 568
782 262
929 850
274 105
817 230
598 62
303 150
251 321
456 823
834 557
632 900
653 700
326 428
112 24
259 485
652 628
782 979
216 6
786 494
420 176
379 392
575 568
554 889
778 794
563 32
136 269
250 237
239 859
429 847
718 751
741 822
27 796
339 30
552 109
805 773
261 807
245 328
514 185
662 97
559 731
179 743
924 368
93 821
885 265
382 973
620 554
426 276
171 740
854 955
232 470
841 828
686 436
998 378
746 227
675 165
881 584
160 936
120 474
582 660
911 454
110 245
829 857
137 391
670 123
215 842
364 512
621 570
355 863
859 223
588 311
471 685
807 23
440 63
907 665
323 394
609 869
593 280
427 472
798 761
986 434
108 291
700 959
520 269
9 776
856 357
484 622
485 819
843 929
735 215
459 856
890 140
40 801
353 302
61 85
320 209
504 942
861 183
986 522
790 394
406 387
373 84
283 372
108 546
142 441
571 537
770 57
539 39
353 8
428 531
505 437
732 524
199 585
274 928
830 757
525 89
965 914
658 570
220 207
791 250
318 836
210 949
463 357
113 706
488 559
305 79
949 686
948 791
383 658
296 662
315 402
634 700
641 579
126 112
77 436
408 159
559 620
770 105
371 24
639 13
33 679
729 898
716 988
698 179
694 47
181 136
203 576
828 929
703 823
778 90
964 289
550 782
349 883
99 640
741 81
246 977
860 609
54 424
294 379
441 789
793 257
88 606
621 652
877 802
78 589
355 968
483 31
17 695
75 505
479 107
248 787
392 45
691 659
963 662
341 22
768 408
588 57
368 476
756 839
388 441
468 911
805 264
701 359
481 268
190 756
620 377
503 407
292 300
403 909
614 165
273 137
633 883
630 64
957 272
814 139
521 90
102 425
467 28
106 804
384 242
278 964
483 889
961 582
214 966
624 312
961 759
470 687
515 200
699 423
261 640
671 949
470 542
275 569
882 79
384 100
338 716
376 926
358 722
604 30
662 506
854 594
176 341
767 707
128 488
129 833
538 559
321 505
512 398
694 954
471 375
937 663
350 636
828 820
688 335
462 622
428 586
142 872
380 179
384 672
350 527
705 524
845 881
747 957
821 94
34 672
146 961
755 470
741 288
346 737
311 785
574 905
528 801
356 410
998 985
251 164
623 452
423 564
155 442
88 967
285 563
913 234
934 128
499 783
50 319
322 568
859 957
678 133
511 92
156 695
451 875
352 682
64 30
502 416
822 963
110 977
745 83
628 534
405 257
279 296
339 5
804 473
145 716
610 408
97 75
336 781
5 872
724 144
926 972
362 49
895 489
599 823
957 534
245 740
177 76
269 564
153 491
500 982
672 793
16 861
290 148
988 35
828 660
281 335
985 803
656 269
751 268
236 847
883 188
629 928
759 785
888 230
599 840
140 517
931 274
3 775
318 344
157 198
417 121
399 185
205 250
958 904
48 315
546 22
336 759
939 45
993 731
547 729
745 796
356 344
397 655
169 827
890 407
946 677
715 261
964 686
325 696
894 811
95 962
460 381
68 665
407 326
986 789
739 545
420 979
166 171
204 890
583 958
506 126
847 581
248 553
50 291
108 109
625 349
2 414
795 71
526 469
260 617
639 197
434 932
843 448
663 53
678 652
83 439
983 728
529 177
219 567
699 257
771 140
478 564
649 744
814 50
176 834
638 278
804 76
496 979
651 499
289 534
767 839
269 600
453 267
664 582
761 750
791 439
851 152
836 844
999 304
175 850
479 668
723 338
157 392
110 408
55 361
205 444
85 742
362 745
716 520
313 362
167 960
439 639
65 666
962 392
716 671
589 231
185 33
469 76
638 652
218 91
461 453
155 550
122 894
503 78
570 807
735 419
293 668
935 221
796 334
446 506
618 619
711 442
877 974
768 270
697 408
363 978
833 296
118 466
172 670
947 800
507 873
199 119
756 876
636 675
999 716
575 1000
55 515
542 753
605 16
654 72
32 215
485 899
182 857
496 420
577 77
212 480
490 654
397 114
770 972
163 878
966 585
222 872
231 234
953 968
326 826
499 658
351 669
227 899
945 348
988 82
638 419
194 980
850 339
63 642
431 409
368 453
429 84
358 122
175 528
805 905
457 795
386 265
336 612
7 443
407 637
430 966
894 235
480 377
509 87
736 133
681 516
866 536
710 654
747 263
180 908
510 355
724 541
428 178
600 739
565 543
489 420
769 106
788 306
882 437
699 233
573 752
423 489
68 1000
696 593
732 407
751 181
848 380
650 398
872 370
29 963
702 506
722 492
50 138
851 752
708 815
882 722
270 326
186 593
425 511
464 403
838 773
837 862
716 353
130 860
886 529
338 987
48 545
397 722
757 748
230 942
521 230
316 998
218 448
535 541
186 802
924 20
950 800
991 92
459 839
188 287
795 225
65 460
643 309
499 931
5 704
601 419
322 580
218 661
495 663
369 551
558 947
5 593
478 168
322 759
931 735
142 410
365 691
404 581
757 209
829 228
763 608
526 316
841 302
533 736
410 197
641 583
291 90
810 866
940 693
758 852
82 205
174 261
774 564
614 311
769 509
122 443
895 298
263 70
52 440
875 694
935 720
719 841
153 296
641 3
388 548
745 87
447 27
161 800
480 572
492 519
592 861
149 510
704 843
869 399
780 688
584 305
983 411
643 964
659 474
842 969
313 253
632 541
635 846
670 195
912 995
211 877
87 311
534 882
114 499
422 56
133 187
925 399
166 61
170 432
647 582
579 788
622 922
143 359
256 649
131 295
618 837
583 981
706 633
566 685
741 710
843 104
995 949
812 805
139 472
753 891
383 128
536 671
574 379
303 677
186 72
724 67
538 392
614 663
658 865
684 993
888 700
178 347
619 188
305 948
306 327
454 343
663 385
903 406
101 514
123 794
676 28
241 903
768 554
876 459
467 826
611 654
885 307
758 547
788 909
889 816
103 346
846 934
822 268
327 980
154 964
67 317
175 814
399 410
593 489
439 997
855 317
488 149
569 652
717 316
845 647
152 76
525 949
983 89
289 949
733 562
129 940
828 874
426 230
228 174
265 188
413 492
237 808
38 987
595 574
523 301
47 603
582 840
34 850
884 952
385 740
5 51
820 200
512 137
553 563
971 364
458 393
811 391
575 102
616 109
69 785
938 14
352 62
491 336
790 642
41 385
834 222
1000 746
620 307
624 822
678 87
368 116
921 706
919 347
334 937
374 446
804 649
236 443
493 548
286 863
459 621
943 183
748 429
575 480
939 948
179 396
568 554
73 76
715 653
111 524
663 701
244 227
248 230
273 951
267 412
618 773
303 554
699 369
336 633
249 764
689 20
381 120
407 248
104 643
410 590
270 734
825 677
635 714
298 655
444 801
820 616
858 423
140 554
741 426
979 541
138 199
988 725
849 121
741 59
890 871
375 237
621 533
87 153
271 982
163 761
856 986
484 955
506 735
915 227
510 915
227 155
389 136
33 182
885 585
8 404
651 1
468 774
325 667
930 559
398 233
821 572
497 274
117 537
581 832
782 147
680 565
329 553
956 642
445 387
602 262
677 296
515 645
537 893
463 803
619 969
691 452
554 692
773 726
62 615
749 727
236 302
390 917
784 832
179 950
75 633
224 285
207 76
27 762
709 266
747 75
982 790
421 558
546 697
983 620
548 31
839 520
550 581
794 612
651 286
562 175
177 395
4 615
970 728
954 197
976 661
836 161
12 291
875 717
548 253
606 591
537 68
955 213
519 428
133 625
654 961
343 64
613 290
650 316
894 341
436 853
793 268
217 674
732 263
592 882
683 333
497 242
77 839
578 300
7 540
47 531
506 755
455 206
717 183
242 41
796 266
212 190
490 815
477 547
816 551
195 546
434 342
198 391
184 337
38 92
921 920
403 689
195 947
92 781
109 873
610 846
481 258
652 687
912 580
820 341
786 421
678 159
916 864
139 470
389 672
374 486
471 720
416 514
914 257
509 541
140 101
755 481
979 349
502 346
39 44
554 955
804 423
305 965
460 985
463 458
100 46
374 563
909 796
412 788
325 469
202 352
116 494
903 450
214 823
340 758
159 82
842 336
755 721
996 749
387 607
88 472
142 783
966 753
951 71
537 439
25 203
784 360
613 973
286 410
449 896
305 420
987 571
751 347
128 123
972 596
789 122
628 150
924 663
543 431
450 362
694 9
916 830
272 826
704 733
172 803
713 81
525 993
485 292
752 773
707 367
720 291
671 408
12 225
792 223
186 626
557 545
470 442
881 449
221 864
20 509
665 960
942 832
100 163
33 937
271 300
654 757
293 306
981 919
89 7
677 212
588 95
666 945
948 375
825 484
847 611
174 763
250 101
322 566
216 45
605 557
566 861
717 671
181 967
944 785
65 344
446 975
263 842
162 818
32 36
918 357
929 810
649 528
728 55
196 629
567 230
184 681
684 994
921 432
225 3
687 153
249 901
800 499
897 687
145 706
747 296
330 334
439 32
119 768
407 710
838 366
858 908
361 364
359 201
804 42
898 51
168 73
296 705
188 983
83 251
780 51
304 252
931 937
749 850
509 173
715 974
724 880
764 677
489 65
953 594
310 81
917 503
977 308
686 300
618 46
90 967
103 571
876 889
185 154
438 292
974 410
25 961
67 90
107 845
78 382
856 848
397 934
825 987
567 114
76 363
385 586
171 185
636 403
229 835
384 654
569 271
545 69
821 176
133 158
617 443
75 387
683 192
597 266
840 47
880 306
806 14
4 28
922 571
99 150
338 706
451 993
199 947
312 392
402 339
313 724
231 482
58 244
251 416
179 191
363 170
682 298
204 602
297 200
10 947
822 818
753 759
438 523
748 232
46 188
175 280
838 40
713 493
662 794
168 202
943 807
819 365
748 317
822 604
788 996
111 527
166 708
266 970
839 551
205 711
564 667
443 190
944 377
694 437
280 240
386 466
986 309
881 867
606 592
704 456
735 458
820 762
552 983
517 678
664 870
67 425
474 429
458 790
715 334
97 15
125 852
902 2
725 933
545 263
432 632
57 93
131 913
316 766
243 390
834 895
617 373
329 893
237 156
597 460
835 347
468 656
323 399
809 692
534 827
464 727
726 156
981 990
194 480
288 101
383 414
762 751
390 611
657 905
86 301
401 75
147 667
395 693
657 794
251 479
514 677
326 399
644 32
39 558
792 154
304 745
781 377
325 845
786 465
435 261
398 955
41 158
70 788
317 825
100 703
446 903
527 922
514 455
494 915
499 743
749 537
40 465
353 126
732 958
239 337
852 263
529 812
897 768
940 866
353 856
580 393
429 483
177 394
822 346
2 855
371 108
651 366
634 554
746 32
141 640
509 966
572 740
7 91
45 292
394 108
638 125
654 966
534 296
30 644
794 717
393 812
450 263
346 212
733 968
445 160
578 523
16 579
626 831
54 316
293 604
898 686
646 80
495 346
638 686
986 407
642 683
916 446
664 399
114 122
960 870
8 339
617 337
284 416
342 106
610 762
368 753
13 559
492 338
790 873
759 396
62 196
778 669
144 561
716 65
679 335
57 964
991 201
973 622
482 75
673 274
160 459
821 906
364 43
611 506
407 249
799 811
156 831
964 902
622 734
516 79
80 513
779 823
248 611
445 279
857 975
343 876
514 568
24 290
866 7
154 443
943 249
473 583
192 233
999 182
502 458
287 266
828 62
171 869
211 308
335 30
762 310
563 827
784 60
359 164
610 354
905 908
376 84
893 753
505 688
90 718
896 406
20 757
737 109
665 248
295 401
363 774
803 70
381 78
111 805
607 736
24 287
673 694
780 878
339 422
837 363
451 160
241 596
314 55
651 27
936 707
288 283
289 943
860 290
366 175
95 535
746 954
833 682
150 700
134 209
930 144
200 429
733 605
682 977
593 443
61 613
480 796
599 229
198 710
164 882
401 352
151 596
578 416
216 72
29 376
763 176
441 528
243 668
482 508
389 848
619 741
66 255
485 743
888 255
406 765
977 599
669 825
981 7
506 89
179 53
916 918
350 78
687 981
466 941
268 325
696 376
516 35
866 184
207 368
136 265
368 216
487 160
808 225
993 315
387 510
47 328
675 531
69 256
235 24
148 753
939 842
136 525
203 316
914 516
643 94
500 234
60 131
615 906
247 624
196 276
801 926
624 295
990 442
560 575
362 394
694 430
725 159
440 909
41 658
499 106
561 475
637 656
562 435
842 452
151 83
59 978
81 894
922 348
220 662
505 942
487 586
70 857
589 414
304 618
546 307
488 151
289 986
533 434
181 348
699 787
522 312
137 286
52 431
24 136
868 777
119 401
637 212
765 415
622 376
218 828
310 914
494 239
242 124
351 290
522 26
405 646
377 995
802 506
898 777
480 824
85 259
986 254
105 485
535 865
518 369
337 626
844 629
51 316
35 899
314 728
697 498
790 785
312 848
385 900
206 426
765 963
288 201
630 451
607 49
773 879
799 739
113 390
424 55
279 107
155 185
446 1000
624 22
970 238
594 690
62 728
841 283
255 201
644 754
810 518
704 13
246 603
304 443
344 908
88 912
737 971
610 443
386 177
831 769
903 500
230 18
837 112
275 891
737 36
535 233
771 249
707 668
600 492
250 685
642 17
810 971
371 575
138 272
121 440
572 705
559 965
931 162
149 848
884 194
63 815
927 822
769 444
137 314
724 730
980 844
363 926
15 313
147 369
155 906
321 422
394 314
713 728
95 764
425 384
377 616
555 75
976 420
852 767
514 941
485 686
70 596
697 270
290 972
863 409
260 244
744 815
30 922
568 29
312 731
844 80
478 72
340 169
820 371
58 870
790 543
548 966
830 780
246 87
247 906
278 210
425 894
942 957
340 399
35 507
666 315
61 307
706 520
451 651
583 338
359 597
460 951
13 257
991 53
93 115
701 884
704 152
131 603
727 756
585 139
487 351
845 585
755 858
607 709
728 701
768 532
785 586
793 71
222 683
963 403
124 653
675 103
125 420
127 618
917 46
21 89
499 211
690 600
124 764
451 84
859 883
453 526
594 508
336 276
121 899
125 134
401 712
439 604
129 174
890 790
870 288
89 386
696 707
128 447
627 493
845 30
920 907
941 523
467 936
708 810
301 748
108 974
289 236
823 619
510 802
778 440
670 234
911 196
644 449
383 608
596 826
282 654
635 788
843 867
673 987
700 1000
863 364
701 385
539 554
795 964
925 345
183 425
485 706
235 755
971 135
294 936
260 232
854 208
553 299
496 116
313 674
118 223
230 901
726 798
123 311
731 948
878 581
46 920
460 614
944 887
322 579
253 749
217 431
550 475
308 530
809 83
7 218
657 39
330 217
596 220
448 772
178 405
641 555
749 586
476 210
222 986
775 608
220 722
887 988
916 823
69 729
464 825
386 377
31 129
879 589
241 873
524 6
914 850
284 850
563 585
647 217
42 543
538 696
970 24
379 434
180 641
487 775
517 526
441 91
872 337
321 509
211 833
621 586
217 700
42 305
993 759
669 244
871 754
124 85
161 453
465 629
787 377
475 741
96 766
939 82
794 883
264 986
214 66
694 728
678 765
313 371
61 725
781 764
626 838
178 531
161 295
476 812
921 969
739 846
368 602
526 816
194 297
365 336
117 735
903 630
5 574
741 151
691 401
175 32
911 166
706 686
122 409
909 459
1000 830
970 90
787 640
537 597
274 597
918 490
730 78
760 394
306 322
476 800
723 212
606 969
790 144
689 771
838 236
954 409
870 773
301 470
98 595
561 329
924 598
597 635
512 947
434 625
885 304
188 576
239 375
186 97
97 126
82 462
229 397
211 654
635 277
570 974
237 626
182 29
992 425
920 182
388 628
817 274
395 324
552 577
864 851
441 6
566 38
159 628
966 780
756 336
461 332
636 318
375 778
391 545
859 89
252 528
272 951
901 340
704 938
834 793
377 994
453 905
312 115
739 908
26 801
868 104
425 4
88 538
20 446
307 824
454 953
237 71
311 960
118 837
726 245
639 828
394 712
434 397
894 815
237 472
611 343
223 5
853 254
191 507
245 735
621 114
203 473
499 894
960 764
706 400
526 191
503 426
35 736
308 692
348 617
386 842
170 693
601 111
507 540
538 95
701 28
577 22
300 667
134 939
599 305
892 681
785 33
456 617
899 41
59 452
593 780
671 565
925 837
213 595
25 325
524 793
391 274
233 490
935 849
810 662
813 373
512 992
253 872
612 986
966 719
681 643
459 922
847 42
225 271
757 287
746 955
395 53
14 809
290 794
220 6
884 45
213 671
139 40
287 91
231 646
452 177
572 706
591 166
426 532
870 475
124 729
50 724
141 747
860 197
20 908
779 105
584 31
417 168
110 271
242 959
81 123
617 89
232 249
124 447
586 708
934 137
171 22
620 582
742 963
747 859
398 291
881 685
310 639
226 634
471 84
319 999
878 114
200 629
494 379
679 485
506 153
688 867
329 716
570 914
347 535
55 862
317 371
688 617
43 106
877 91
971 154
240 352
645 85
208 718
317 484
191 543
252 543
98 245
338 676
155 102
967 120
325 954
256 995
683 972
558 552
300 744
507 36
554 819
142 305
576 775
669 514
174 928
156 763
451 765
700 504
829 220
782 722
420 439
296 893
283 438
938 688
210 799
837 194
912 39
987 765
555 913
737 982
727 759
605 215
718 494
702 979
594 840
908 386
784 240
179 710
456 65
516 719
496 834
371 110
449 776
158 944
343 492
101 99
475 220
292 574
71 223
767 663
664 732
633 496
765 243
909 697
767 581
846 108
639 285
997 960
671 131
118 974
307 692
882 256
846 159
523 136
686 580
158 253
234 527
586 760
25 552
9 327
301 747
848 264
552 823
133 50
929 51
951 518
34 665
755 449
591 879
155 695
82 877
824 70
22 709
829 715
460 306
104 348
899 933
2 190
796 43
84 501
179 475
400 476
700 719
709 919
601 54
52 767
565 403
661 928
938 743
98 8
740 687
356 848
196 909
583 19
554 791
300 611
263 607
546 903
66 605
876 174
518 789
170 943
784 943
213 523
774 766
421 638
560 646
64 469
121 164
267 328
657 320
892 495
241 977
666 62
997 544
500 72
173 30
198 737
788 525
201 173
63 563
395 125
893 558
823 21
292 963
167 721
519 380
606 558
208 413
336 354
851 453
546 301
195 169
290 111
54 252
256 35
703 705
17 842
146 622
663 510
663 771
963 61
364 566
293 638
370 99
959 9
301 719
220 783
987 611
826 478
994 588
868 117
638 603
256 623
773 198
485 658
596 863
632 656
282 739
553 612
94 388
688 561
621 397
640 692
625 74
843 927
75 105
65 51
653 658
781 477
570 684
442 719
11 937
96 991
925 606
585 693
433 384
948 481
917 862
517 372
244 582
343 183
744 518
784 749
930 935
183 741
330 107
80 894
279 182
891 582
164 22
511 185
684 989
394 674
823 298
625 615
292 178
828 736
121 320
729 513
197 251
128 542
292 769
347 667
300 244
373 474
598 813
306 421
534 5
352 235
137 977
764 672
620 572
499 29
686 307
104 683
286 221
444 662
471 67
348 270
385 316
104 826
150 426
879 439
385 429
426 339
483 414
375 916
600 846
124 404
696 525
54 331
94 804
339 757
82 640
752 804
694 923
843 639
660 31
715 821
78 492
815 765
981 741
268 848
569 483
954 687
829 529
557 514
190 117
984 163
330 632
740 35
189 291
815 467
857 329
416 897
97 716
48 38
540 842
354 213
328 785
948 167
363 385
71 80
196 807
378 78
530 195
235 843
753 906
807 685
249 219
691 492
583 74
532 644
311 391
113 388
80 715
395 616
13 57
144 168
239 865
330 143
861 838
443 981
10 656
748 312
309 900
438 808
404 1000
331 696
775 683
188 775
45 906
945 132
799 289
641 643
699 373
438 219
311 75
828 343
297 649
422 847
907 267
443 288
799 71
68 211
819 93
510 328
721 767
115 152
615 287
305 400
659 705
937 935
564 706
926 489
273 739
898 598
578 546
134 12
716 660
665 754
637 222
363 801
215 832
846 930
890 868
582 936
363 702
865 912
829 565
276 939
230 347
786 776
713 824
364 440
77 641
355 35
311 852
5 309
27 261
659 171
708 756
736 897
146 141
530 558
152 774
373 828
785 129
342 521
827 683
368 148
666 347
83 651
799 705
532 664
292 389
409 359
676 483
941 953
697 968
809 134
107 31
913 864
608 536
610 490
256 448
248 151
638 420
606 902
153 132
547 372
971 442
162 714
749 902
977 778
280 769
652 41
547 197
489 141
469 857
332 749
353 718
486 354
949 586
841 881
479 767
176 208
485 42
158 960
181 353
418 117
648 908
20 929
77 144
617 939
512 265
487 797
533 109
807 322
887 221
794 635
306 945
399 252
884 454
78 437
963 977
315 98
279 817
474 174
976 100
280 411
32 332
623 200
833 414
209 484
411 800
88 164
584 760
658 291
507 155
125 712
131 417
78 710
246 356
653 540
303 231
363 440
289 445
933 892
147 843
810 9
670 533
273 97
311 553
847 907
961 28
190 766
17 100
771 271
991 488
593 937
226 50
32 871
168 103
151 102
966 41
179 873
17 134
201 993
808 151
844 589
424 128
407 841
213 522
624 175
165 663
211 41
642 437
810 879
44 383
597 613
638 339
141 511
54 800
503 287
537 266
367 283
686 165
300 160
537 406
339 314
413 991
505 550
980 561
175 785
197 969
570 309
650 333
820 424
997 914
85 808
584 201
927 891
751 359
37 993
507 379
414 213
812 440
730 849
713 517
95 673
152 275
515 673
46 757
584 310
602 263
169 944
318 19
288 323
380 312
402 54
99 384
639 794
70 515
416 102
627 254
646 492
317 442
471 13
9 148
445 86
798 586
69 602
622 782
182 875
643 391
381 932
644 84
407 30
981 245
511 90
994 96
500 489
570 441
911 527
456 591
790 436
439 286
403 796
117 96
580 776
746 528
984 421
328 393
455 528
760 396
282 70
50 234
782 651
75 517
439 60
442 256
351 720
965 84
692 700
714 468
257 189
405 493
478 749
337 495
211 434
969 226
334 44
571 3
160 654
582 385
950 101
914 967
760 881
148 167
592 672
303 890
850 969
394 35
424 818
555 420
479 580
116 898
500 609
873 9
691 91
821 361
458 833
722 286
962 465
564 525
379 193
534 561
518 74
9 579
744 137
820 806
308 114
516 342
170 127
557 513
172 545
122 916
698 761
268 800
927 659
446 179
38 190
338 924
835 496
57 912
407 348
599 488
126 854
930 631
442 881
796 108
69 574
839 78
397 503
477 777
265 605
360 733
913 89
916 804
277 530
781 162
250 244
508 976
821 737
787 561
662 687
277 387
633 813
35 337
988 473
753 580
793 733
316 350
45 888
947 420
456 329
261 800
776 540
879 534
36 220
20 569
865 108
149 923
520 513
686 114
266 857
1 156
40 726
67 655
490 26
278 595
328 369
517 333
875 629
327 982
208 358
234 390
385 392
663 981
461 157
872 284
615 508
854 668
489 748
253 283
163 623
347 218
919 976
646 104
849 124
647 449
116 533
357 301
677 782
935 74
8 699
959 64
527 268
94 547
241 93
243 571
262 643
284 463
682 182
798 736
518 739
910 451
904 83
136 61
1000 939
615 32
288 232
417 867
368 6
297 14
830 160
190 707
892 489
394 972
566 878
363 517
699 470
100 724
378 978
158 622
239 791
79 894
500 289
541 597
320 71
840 670
396 164
640 778
291 838
990 196
974 713
810 598
408 554
261 918
996 912
832 81
31 793
433 58
851 92
923 443
248 7
306 411
453 344
276 327
645 858
880 302
27 543
784 242
239 312
497 681
760 17
483 874
430 571
90 520
702 874
680 434
907 31
519 427
828 969
501 963
686 475
584 61
893 45
474 397
574 600
721 900
572 569
450 178
785 907
418 340
150 775
318 485
564 453
837 951
308 187
310 601
190 163
172 602
47 542
808 830
293 698
906 451
734 591
679 250
169 885
657 984
15 210
330 768
791 653
644 22
373 878
485 848
472 81
691 438
895 258
683 554
631 912
580 902
544 148
800 270
250 189
536 668
204 670
26 330
586 386
442 506
773 582
524 537
80 803
476 448
266 684
606 976
681 319
610 399
115 535
408 437
980 237
55 235
516 399
760 335
172 325
597 612
767 180
469 977
79 150
124 573
242 656
573 588
921 27
870 22
858 582
533 174
208 415
620 760
536 365
59 680
420 15
931 460
825 849
800 529
963 63
547 828
60 857
314 441
902 206
851 719
146 270
402 932
753 458
150 914
262 696
359 892
930 398
699 695
118 493
545 45
195 628
159 977
223 34
407 315
160 124
325 606
443 527
498 622
835 565
142 175
1 809
311 524
212 439
431 151
54 765
239 990
611 107
583 284
248 387
959 685
32 900
92 524
164 129
809 76
83 307
473 679
824 896
258 77
386 54
595 332
23 207
451 580
961 585
990 303
956 139
685 451
922 23
269 732
704 195
758 906
617 550
16 197
182 246
898 191
112 670
10 431
798 412
581 20
323 828
654 864
15 914
827 159
609 459
58 435
186 108
977 303
858 54
138 459
432 228
72 789
767 910
181 311
276 93
371 521
577 774
910 788
470 799
785 817
346 281
171 414
928 755
565 706
197 718
224 176
789 778
994 780
404 360
43 216
33 66
659 498
782 338
401 550
443 158
834 788
1000 20
768 138
612 385
66 61
123 180
894 963
273 893
256 589
754 189
505 585
939 192
613 825
407 494
584 561
587 338
548 980
256 764
277 974
904 184
522 715
356 421
394 838
415 944
87 567
934 84
460 459
248 705
84 303
781 511
175 80
857 105
198 339
201 717
844 289
848 932
13 166
804 695
933 21
737 636
679 625
791 923
403 970
408 672
795 92
64 194
924 376
304 593
838 402
325 229
933 486
365 740
60 448
353 228
148 657
353 85
941 95
887 528
113 156
429 216
434 368
23 528
229 349
75 544
593 650
371 377
603 930
654 546
491 944
112 555
617 886
905 968
84 705
767 844
434 528
664 589
21 208
757 294
281 131
963 443
429 267
99 301
842 484
954 154
989 371
461 954
408 58
870 478
581 921
305 406
569 577
806 822
976 973
833 884
480 668
196 736
944 43
546 339
441 39
149 350
530 214
524 446
187 994
627 21
954 879
459 391
59 809
632 381
372 696
66 383
357 300
697 199
698 360
111 285
739 604
264 774
7 566
1000 112
730 953
514 684
809 558
463 757
69 878
658 317
252 308
775 18
662 604
807 924
77 703
108 283
814 716
164 517
290 968
494 600
815 358
836 12
798 624
801 316
179 448
606 441
831 449
806 47
408 926
275 753
710 395
431 222
269 207
444 831
476 565
499 972
639 384
517 519
607 166
518 925
728 69
257 353
183 815
847 324
745 774
174 22
50 32
657 456
895 72
678 422
936 1
296 864
338 231
303 615
858 833
859 568
20 734
7 2
97 485
214 668
31 62
129 34
520 153
897 37
718 143
116 805
580 809
993 306
987 186
551 533
385 304
115 487
206 978
450 256
52 508
971 750
474 394
937 786
665 291
677 839
381 489
976 215
974 326
423 196
324 543
271 48
954 754
190 160
431 702
60 847
825 135
717 177
504 134
427 431
51 459
534 905
626 109
496 138
540 797
796 439
778 646
377 761
912 668
891 447
442 839
199 441
78 887
743 663
283 157
472 82
274 312
925 631
468 6
341 368
531 288
516 52
40 773
102 321
994 90
297 250
981 320
395 946
843 304
292 10
791 48
580 677
767 81
398 698
292 153
131 797
524 947
743 57
452 982
344 759
67 697
193 790
436 529
606 557
458 609
962 553
45 259
859 851
555 442
924 749
814 553
711 823
967 519
694 3
72 270
988 740
384 922
591 441
81 64
37 587
820 989
786 541
270 442
828 330
829 921
441 968
85 505
447 230
506 686
715 526
509 553
441 825
260 283
557 539
209 437
617 304
180 82
828 436
661 525
5 105
544 757
262 539
855 971
217 979
652 875
448 265
800 990
375 358
397 320
358 357
977 586
880 411
570 683
630 363
647 861
516 767
874 841
47 113
322 560
394 901
749 375
911 664
364 155
773 647
460 646
421 893
306 28
243 885
994 209
597 948
301 279
283 308
306 239
680 928
828 104
315 135
443 970
357 512
267 280
965 961
676 180
788 974
625 612
404 983
939 990
62 771
746 816
250 547
330 475
888 417
980 369
250 658
649 186
378 241
976 708
519 716
889 825
543 218
266 818
253 162
970 538
202 608
577 916
906 866
500 845
708 426
267 164
31 391
917 98
423 473
654 819
177 695
807 439
445 722
214 273
487 807
989 673
497 803
78 320
262 891
218 996
618 349
323 379
308 205
275 508
902 171
707 1
122 547
708 878
13 656
820 800
705 115
806 471
274 188
238 245
406 961
152 736
561 580
986 246
858 14
696 989
253 458
556 697
887 137
137 221
29 343
640 740
199 139
644 276
264 216
142 25
861 671
237 357
184 271
518 660
670 595
51 33
805 456
921 715
523 895
105 924
325 851
143 614
778 771
943 207
527 908
625 294
390 928
562 465
303 733
737 861
24 992
244 891
706 592
49 371
681 32
150 211
297 637
378 624
495 795
101 432
46 275
505 627
931 75
714 345
166 984
560 943
300 106
138 285
567 36
236 788
633 472
102 949
124 725
888 577
324 503
537 226
189 815
896 776
231 608
215 127
966 989
695 305
993 593
579 264
115 336
11 340
983 122
949 134
42 354
545 281
19 692
787 324
626 868
590 315
919 835
243 396
59 607
302 835
855 173
950 643
965 814
425 276
659 239
937 497
670 429
584 558
803 780
654 284
169 168
652 819
304 897
839 415
203 505
264 323
374 98
459 800
334 36
425 976
800 228
92 582
437 857
556 876
282 154
190 547
763 495
89 652
958 808
138 266
74 171
681 449
554 593
370 834
541 885
176 663
982 809
493 68
524 904
945 165
196 361
767 146
879 564
77 474
704 268
543 605
671 984
283 907
81 322
975 374
593 497
713 268
857 289
419 441
854 591
51 782
788 425
402 668
868 895
119 423
904 265
33 408
367 821
404 289
833 625
6 437
318 491
513 775
199 412
720 205
194 60
730 922
640 398
787 465
626 27
221 789
94 541
406 905
288 40
877 938
494 394
8 439
762 666
47 894
817 875
269 272
454 788
40 1000
331 219
703 323
329 462
350 84
443 594
209 788
648 453
353 321
523 903
302 138
567 650
970 208
305 297
946 169
340 424
930 861
758 520
519 948
582 915
302 100
505 344
588 581
44 491
315 88
318 873
945 193
811 545
435 803
685 48
370 584
237 715
153 22
410 495
802 957
560 879
920 304
524 146
911 496
586 983
989 442
920 351
216 956
57 332
167 819
240 224
969 583
342 319
219 416
256 214
275 370
758 418
242 963
314 468
262 924
581 626
859 112
461 94
807 240
825 49
987 327
721 128
795 665
206 632
768 351
532 168
570 999
4 769
756 910
811 142
365 186
937 457
973 443
294 891
423 606
541 215
543 889
18 963
204 847
616 279
302 452
911 874
236 56
964 896
984 138
717 664
866 178
978 920
409 435
961 878
155 211
156 648
235 897
252 801
364 299
222 153
153 950
120 703
746 543
28 498
309 912
89 708
195 95
127 4
473 677
209 801
645 621
280 559
922 994
731 177
214 904
947 333
398 663
790 149
245 378
605 234
482 655
600 278
874 157
214 874
840 261
415 193
496 831
210 5
265 976
505 967
219 881
419 275
702 894
578 824
98 846
341 718
186 477
295 269
945 856
845 255
684 67
647 73
746 260
929 300
693 315
217 626
396 871
988 713
403 197
542 48
237 857
450 248
823 569
882 215
259 898
223 477
226 595
336 255
523 293
928 467
929 14
4 854
441 852
563 92
464 339
358 819
215 670
656 932
248 997
288 80
911 936
21 818
557 800
687 657
304 998
89 100
109 153
570 733
331 227
479 315
691 323
395 654
531 234
670 160
297 160
552 144
429 931
654 228
982 689
217 377
575 546
10 954
838 400
417 916
143 918
457 443
455 608
321 348
131 950
852 20
598 496
891 614
758 802
183 890
865 135
594 575
297 467
580 766
27 790
984 307
782 618
287 200
658 972
810 659
577 676
317 609
399 691
71 694
55 45
274 852
331 781
278 884
508 407
599 513
109 91
56 767
328 100
989 22
106 150
993 886
723 349
88 437
361 252
751 299
823 974
703 692
11 198
858 431
840 110
180 727
857 307
309 501
862 771
651 950
543 364
105 368
790 2
309 102
661 241
522 169
579 408
66 381
928 384
929 185
532 2
756 544
351 268
940 479
800 714
569 3
82 837
165 456
204 34
665 528
463 759
155 229
462 990
670 259
549 594
602 60
769 626
592 59
475 257
616 177
122 806
817 846
69 765
490 834
752 433
542 338
19 252
113 233
811 360
581 98
958 489
725 482
88 793
108 420
669 905
639 810
181 528
790 678
645 225
13 809
811 125
583 917
288 346
455 294
97 974
278 357
688 987
861 900
947 773
189 750
649 960
47 409
681 439
671 938
616 668
601 360
326 819
615 891
256 676
624 278
788 903
720 981
349 483
371 343
247 873
328 66
177 50
415 8
435 710
704 269
785 758
318 600
248 121
448 587
233 235
680 294
555 690
422 879
629 845
326 376
689 40
567 11
110 466
427 852
289 811
128 151
967 79
702 641
243 220
105 195
660 253
60 961
890 784
411 617
803 751
806 562
629 641
206 754
450 32
68 759
74 884
91 830
555 143
833 481
685 512
430 656
393 128
786 985
894 910
773 237
522 943
781 722
408 991
860 665
944 656
854 123
912 670
109 208
492 216
472 449
919 437
557 872
687 841
375 269
344 415
967 73
446 584
53 682
75 174
757 902
649 915
644 914
566 107
563 98
819 396
931 710
491 207
992 1000
476 313
813 662
726 653
254 354
112 407
296 862
118 669
84 805
402 458
552 47
880 908
699 320
438 788
594 918
222 623
942 164
234 25
879 587
527 947
278 828
121 393
825 523
861 477
292 968
441 274
723 420
281 377
215 192
896 298
932 696
534 348
572 647
982 838
276 43
295 249
851 441
135 272
841 627
573 924
812 436
704 725
129 901
764 861
565 796
683 346
678 533
829 919
316 718
766 820
280 332
389 22
787 383
977 797
228 401
731 298
39 427
963 751
123 26
765 583
566 408
255 521
360 69
493 900
866 510
5 504
245 502
28 15
935 421
346 614
535 568
776 89
977 584
940 619
527 148
161 539
623 950
769 836
365 475
958 304
526 84
108 568
118 833
623 684
297 212
852 130
526 455
770 909
630 11
183 928
279 205
616 581
727 999
66 698
896 859
239 697
168 214
331 757
957 330
357 526
379 970
624 207
933 289
827 802
832 924
939 976
999 32
638 480
13 323
785 490
434 664
900 973
650 952
173 125
550 759
736 215
96 118
139 2
840 149
513 273
236 818
489 987
684 286
922 423
194 526
488 783
737 364
353 635
945 863
86 627
358 756
738 782
794 524
137 263
689 338
655 589
52 438
570 55
772 943
609 539
919 968
668 712
377 891
85 554
157 77
130 184
90 144
347 355
333 268
213 342
844 152
702 266
794 849
681 757
446 452
527 421
274 205
899 124
939 197
958 99
997 455
467 580
847 809
874 905
804 838
487 666
436 504
717 601
520 491
414 654
753 170
30 816
126 677
493 650
334 950
852 823
908 961
321 825
514 584
382 898
256 908
421 334
666 304
356 789
729 213
893 439
279 209
546 968
412 950
813 734
425 549
106 866
514 285
865 247
3 256
987 882
373 264
965 52
114 730
666 115
478 717
724 813
482 656
794 45
927 392
799 50
34 489
325 294
884 43
791 457
23 547
157 493
305 314
72 27
509 58
275 606
573 625
958 737
888 157
82 428
784 424
287 783
680 458
536 313
719 776
100 344
569 695
987 192
751 155
592 752
76 417
883 19
570 307
306 902
471 320
242 8
685 650
901 434
6 350
503 64
473 405
437 370
647 739
160 296
947 701
814 702
643 660
327 423
844 19
931 347
828 532
99 476
463 615
838 561
713 908
146 119
844 98
838 576
125 53
970 472
164 407
38 440
576 639
39 593
479 286
49 977
36 681
866 136
95 206
338 561
421 730
993 267
784 810
974 717
209 122
886 489
28 571
772 169
71 631
831 989
577 278
226 508
429 57
767 15
55 131
438 777
602 665
615 971
249 822
134 938
367 258
3 397
27 531
247 599
505 525
20 840
992 9
614 144
797 912
477 471
525 641
438 474
955 236
519 423
300 479
780 977
231 561
380 877
309 10
570 397
106 930
238 375
664 842
719 748
157 275
307 698
436 862
812 465
171 475
355 646
526 739
730 838
128 438
295 58
688 350
156 476
543 720
416 299
638 726
94 624
683 469
56 71
644 456
150 783
869 371
948 70
229 613
857 132
674 978
350 203
902 546
597 202
321 967
25 610
326 336
991 709
430 338
737 584
644 12
442 676
745 965
912 460
805 31
496 329
616 618
763 397
377 58
14 687
589 57
921 419
923 381
774 412
771 161
260 698
559 326
453 151
76 982
827 886
519 596
234 754
743 58
959 155
304 201
927 435
361 264
72 885
520 733
617 735
484 450
170 98
712 805
470 533
888 329
935 629
150 507
135 109
983 873
72 83
642 835
591 865
390 69
926 411
896 218
882 463
202 813
974 391
295 400
651 96
121 859
751 211
368 984
445 839
466 761
964 264
768 51
346 35
431 292
725 613
284 365
808 911
682 872
114 406
995 483
542 500
502 721
534 776
574 805
995 368
868 194
134 634
262 591
749 193
308 441
41 258
702 73
226 798
522 723
331 810
399 767
268 543
450 854
144 533
218 426
200 913
648 133
761 636
743 783
616 281
269 131
252 605
146 206
402 356
41 60
316 226
703 502
706 310
909 371
322 527
734 472
79 359
929 795
931 532
572 258
247 187
671 606
740 422
804 381
625 392
109 759
19 755
258 73
316 439
619 182
927 369
620 133
785 344
309 938
40 401
187 450
280 672
729 523
508 542
549 272
733 467
384 398
476 60
353 815
49 54
413 525
675 454
180 808
186 249
81 997
941 119
979 956
46 357
158 867
375 312
681 586
766 103
197 936
715 807
609 312
23 764
542 788
23 289
15 700
732 418
714 915
171 402
119 504
484 171
871 553
397 844
641 150
823 650
757 920
405 541
389 504
122 236
543 283
953 443
53 11
146 735
698 336
630 799
247 453
74 909
346 950
679 88
987 346
21 606
741 239
251 127
930 430
299 677
514 653
471 995
663 619
482 408
806 7
369 810
478 84
248 709
523 739
874 793
262 64
890 233
164 451
459 825
544 97
766 922
394 932
682 275
991 303
539 166
597 996
445 343
193 486
585 548
969 325
398 599
758 89
391 506
302 380
163 363
170 620
684 959
712 120
795 382
103 61
840 581
129 312
292 220
232 661
433 98
508 546
316 115
679 945
267 916
205 335
204 614
232 435
96 130
168 527
696 551
30 149
489 437
126 398
384 39
628 160
901 526
313 924
300 395
357 118
360 422
396 950
430 32
858 394
348 415
367 173
904 723
769 293
823 750
555 276
621 523
933 671
492 577
879 183
114 79
654 765
351 270
133 967
760 549
891 269
160 875
884 603
381 547
517 865
664 299
736 536
32 405
730 52
677 619
308 450
381 660
954 572
492 246
847 780
683 807
977 518
449 173
311 707
773 826
795 798
853 12
655 314
969 519
566 867
774 819
260 327
168 113
120 650
778 802
982 578
731 846
648 574
993 379
283 753
31 887
162 994
903 579
154 78
905 782
429 56
31 772
71 519
440 879
278 935
656 19
197 189
126 237
741 560
962 831
836 772
339 292
766 477
604 488
16 769
617 290
880 576
314 106
650 704
335 976
107 593
128 250
680 439
955 239
996 465
962 705
870 510
711 958
180 518
162 25
309 422
76 631
774 240
371 917
734 907
466 899
530 780
470 859
788 436
720 418
846 230
224 689
48 367
30 403
845 22
315 987
218 289
1000 193
711 621
858 163
363 771
937 560
120 805
792 205
860 740
475 526
204 64
901 38
173 911
569 142
271 210
442 976
522 828
136 79
834 122
968 748
365 356
295 529
331 220
42 153
928 106
730 298
957 612
536 543
701 379
711 348
355 291
122 26
505 146
551 326
415 517
198 159
734 509
610 823
369 579
523 952
156 679
844 756
573 18
97 857
540 221
317 458
891 691
178 58
148 742
829 249
11 614
26 105
173 405
598 681
714 558
50 851
246 437
325 475
608 681
663 487
617 589
694 475
913 608
491 636
149 990
873 356
763 968
345 771
736 188
337 401
428 250
927 208
253 11
418 32
521 657
632 108
81 154
27 221
564 890
519 27
99 970
262 214
634 809
92 186
33 758
495 272
426 265
929 780
398 371
897 336
82 550
265 30
176 431
933 599
898 826
846 924
116 761
651 734
603 249
345 153
940 510
556 721
868 195
85 231
554 446
577 773
415 987
329 542
19 310
792 630
891 896
506 110
566 696
398 862
60 265
672 395
450 633
786 511
134 775
421 424
903 852
106 618
676 466
269 100
877 463
880 125
572 422
774 963
390 952
480 218
746 685
945 663
378 745
899 467
791 193
161 224
287 102
149 75
756 266
629 225
166 801
888 421
500 939
11 864
179 662
219 965
917 396
258 283
638 777
542 635
585 468
862 520
99 776
410 625
654 788
332 898
426 459
392 631
898 736
620 729
453 718
702 607
833 796
713 602
772 937
384 890
521 623
24 145
996 207
713 555
309 176
76 157
977 238
982 153
51 617
177 998
916 383
650 175
564 297
303 327
884 681
492 380
739 773
294 621
118 381
925 281
627 693
349 29
982 325
179 24
93 418
369 954
409 216
505 74
855 702
61 667
311 412
899 4
652 504
924 373
66 621
657 86
397 211
331 595
139 612
344 998
143 768
75 598
740 844
562 92
657 368
371 380
577 697
157 713
789 260
746 909
978 447
137 869
600 501
230 16
413 528
658 749
823 37
550 935
510 224
167 513
231 702
68 229
567 32
642 153
71 977
21 76
298 579
600 531
261 775
951 442
396 544
58 195
997 980
656 848
786 703
453 674
20 123
615 506
543 361
671 292
625 743
366 108
574 561
819 761
635 549
156 506
410 998
929 190
228 452
891 268
787 441
626 243
612 418
460 183
7 578
30 737
643 662
797 161
755 410
99 478
652 856
138 526
308 370
237 436
459 966
591 945
541 156
374 247
708 755
450 671
783 195
753 990
211 361
320 191
193 167
999 448
86 426
437 820
701 199
408 786
830 821
135 673
49 544
467 305
330 91
444 199
652 412
778 803
585 967
197 265
420 40
4 431
706 513
690 186
732 513
480 130
614 549
923 256
227 911
984 274
303 610
185 691
288 904
295 611
921 144
646 388
286 497
799 147
659 772
107 707
802 783
832 740
84 593
140 739
453 612
21 96
326 367
963 299
910 806
219 43
292 693
816 7
877 435
771 536
910 977
33 291
271 793
147 295
4 612
419 667
532 33
829 993
226 534
885 933
545 426
712 421
178 814
4 809
584 821
961 231
347 587
145 63
122 825
434 333
218 747
943 316
368 88
204 950
481 287
715 2
862 183
476 534
518 995
943 18
503 539
680 826
808 271
663 147
905 591
197 493
460 653
865 339
793 750
645 629
114 873
813 659
226 303
923 383
36 60
166 670
889 198
541 853
690 964
927 300
729 557
655 618
291 70
903 311
853 980
413 551
276 353
304 594
779 378
324 21
950 225
474 678
846 438
69 350
229 400
304 41
214 556
395 450
15 565
778 812
23 730
889 514
229 481
250 972
646 776
133 747
45 399
871 519
674 449
488 52
162 173
539 965
208 179
975 997
691 830
29 955
