998
896 558
979 498
555 49
614 384
204 383
439 887
114 14
768 535
400 112
22 74
313 38
113 548
25 85
440 72
345 492
629 116
25 767
222 39
301 868
835 330
801 407
68 277
176 943
96 87
265 44
709 555
778 640
74 75
202 527
118 301
497 81
207 322
149 137
218 510
101 95
153 254
272 480
509 477
461 576
605 711
929 412
921 474
742 843
530 727
207 720
649 294
68 231
4 2
155 395
107 470
303 815
391 237
248 439
523 62
961 593
266 254
248 47
522 594
722 634
14 33
901 177
243 109
168 977
383 849
285 385
409 280
738 562
166 515
777 167
246 419
762 60
995 243
679 274
362 121
626 436
27 874
364 274
579 207
422 828
867 706
19 126
498 320
186 205
829 446
340 898
814 589
826 36
8 2
65 382
113 650
348 303
185 63
212 177
102 68
393 883
205 336
740 848
428 786
493 818
227 4
822 980
386 666
298 142
333 156
832 166
475 780
238 914
249 975
853 790
148 117
188 256
360 504
130 903
238 328
89 38
209 355
706 249
702 917
56 159
390 337
524 121
286 198
916 411
877 308
564 374
984 471
66 27
320 72
137 160
237 82
216 954
421 196
922 860
831 158
698 838
211 269
88 85
16 14
88 208
85 651
444 485
291 203
655 412
92 85
743 82
299 124
409 411
806 753
226 209
519 958
429 94
65 111
236 941
849 969
162 51
656 773
136 500
703 970
764 15
457 134
21 417
133 667
312 484
779 331
154 388
174 251
703 632
223 34
192 888
120 117
605 707
520 87
80 106
3 716
944 158
3 1
327 128
376 742
81 771
31 366
866 491
672 124
289 70
276 351
259 981
464 661
656 783
521 630
890 383
188 466
974 263
522 821
972 470
403 833
28 115
211 132
21 36
119 51
303 114
472 56
199 418
261 95
144 184
488 113
73 43
270 444
141 788
124 71
718 452
881 820
458 26
308 475
7 4
873 317
377 259
140 694
240 398
68 83
616 554
358 795
819 281
876 760
145 83
516 918
63 91
589 668
38 56
58 891
303 311
442 391
845 694
996 206
812 810
942 988
244 583
236 52
323 25
129 156
234 414
631 430
97 505
513 140
937 775
31 674
3 34
300 357
114 608
209 573
658 520
852 638
90 17
329 157
110 426
266 275
189 91
809 483
574 111
226 287
17 69
744 90
182 740
42 43
61 337
225 106
574 702
572 503
57 33
839 52
401 872
273 15
29 384
402 811
13 24
952 916
136 177
115 321
346 211
279 124
136 293
909 517
405 559
168 60
10 341
50 673
66 511
949 363
56 315
557 939
886 840
925 927
309 238
305 21
128 49
292 432
28 199
18 588
726 367
3 210
732 476
538 549
728 503
297 893
220 436
804 253
106 408
47 58
144 459
587 23
147 228
191 491
328 731
453 856
290 696
654 463
216 27
491 596
259 463
27 250
412 598
28 664
331 671
253 208
353 282
213 148
885 825
405 386
420 192
553 179
942 490
637 49
641 237
427 221
62 58
9 19
542 143
196 49
837 116
592 566
680 741
30 47
21 20
978 451
73 110
414 854
810 744
607 56
152 802
486 244
3 44
63 270
430 782
798 164
357 790
99 79
869 480
286 393
852 913
111 288
43 122
511 530
711 904
139 43
378 112
46 297
176 753
808 834
29 49
2 1
154 451
676 471
817 165
142 7
519 37
17 40
354 95
26 31
580 463
557 305
452 398
796 248
462 507
438 758
135 544
181 9
13 3
950 433
462 556
174 93
685 235
153 22
15 325
10 14
460 13
712 920
523 600
48 81
353 842
489 179
156 158
601 976
230 132
645 309
13 65
119 187
21 35
781 948
6 11
933 586
87 42
346 907
438 443
233 308
582 785
239 684
310 406
17 95
765 616
228 454
297 361
292 178
847 292
252 967
306 131
481 258
268 70
689 633
334 198
410 52
692 491
628 125
185 865
660 446
130 41
369 934
24 514
455 925
204 97
359 734
384 723
457 619
649 938
545 138
363 112
230 516
959 481
276 40
11 137
911 536
55 67
658 803
3 543
529 287
430 248
422 103
12 11
846 27
314 276
331 143
528 713
823 390
344 144
501 304
67 585
870 386
57 766
25 5
21 27
258 88
56 179
382 632
163 736
757 541
745 807
349 646
686 349
431 189
45 40
547 597
517 612
892 618
281 611
289 319
96 683
378 700
499 737
577 131
717 462
916 946
478 784
57 338
776 622
26 220
20 2
862 549
550 92
566 705
358 131
151 349
171 499
550 644
564 864
735 635
48 157
22 11
66 135
582 314
21 397
691 158
617 392
103 94
603 245
437 349
153 531
370 552
442 508
81 483
82 884
353 634
464 103
589 636
150 10
93 13
827 65
381 130
416 405
158 586
220 241
262 221
65 567
581 201
174 281
341 412
851 306
86 23
162 214
89 401
685 791
111 404
955 529
358 425
38 36
75 675
18 11
100 15
268 836
754 458
97 595
268 285
387 71
245 203
79 30
800 8
121 51
48 50
28 8
10 755
751 123
22 52
83 546
363 625
117 99
445 55
147 8
499 844
17 982
32 77
207 167
202 59
150 345
733 759
894 95
290 74
180 24
26 20
162 200
98 113
279 748
639 71
751 906
44 940
295 947
161 35
453 517
983 974
183 347
41 16
365 73
908 537
311 623
51 18
221 25
40 94
275 525
595 643
495 262
1 9
80 125
10 48
481 521
297 541
140 85
399 428
993 507
87 490
774 702
238 180
720 994
272 156
899 39
29 532
199 282
518 482
131 67
342 399
765 905
133 571
394 300
882 608
14 37
301 859
76 105
63 171
240 97
108 154
47 699
206 578
326 957
208 449
264 72
140 763
206 316
372 562
15 14
609 299
349 350
966 17
814 998
687 931
467 284
149 195
340 279
238 294
20 112
621 356
389 170
770 973
494 192
382 506
297 403
589 358
342 87
761 71
42 118
124 296
95 968
411 824
450 298
749 88
930 428
102 170
200 310
578 965
971 193
46 229
347 373
956 705
271 482
74 729
902 262
80 144
110 242
282 624
8 53
756 750
332 477
936 727
612 787
60 606
194 186
61 138
51 234
42 435
76 72
543 693
863 436
55 49
424 164
709 857
662 626
218 13
82 26
177 610
165 121
638 633
295 250
284 168
99 304
621 657
533 74
878 238
42 39
54 32
120 300
880 607
372 329
241 360
145 317
237 647
68 252
129 209
7 926
528 396
413 18
370 84
31 380
59 58
368 95
461 185
951 263
129 919
30 8
37 172
589 739
115 551
945 724
453 769
478 438
665 323
850 680
17 825
721 923
415 216
116 53
155 119
31 109
441 336
95 565
538 335
278 277
493 96
513 708
394 620
333 746
653 792
805 15
794 329
635 259
745 576
133 52
78 84
789 189
479 372
470 681
10 6
359 287
889 432
574 860
192 79
39 30
537 342
204 235
992 911
747 309
402 373
219 186
953 883
659 152
265 601
219 512
543 820
915 762
422 640
66 963
129 20
622 170
37 561
586 912
18 136
375 181
595 813
534 356
254 462
217 103
27 648
570 222
141 4
593 395
858 150
70 46
879 380
41 46
169 260
760 594
24 267
302 26
714 549
82 312
201 174
129 167
206 158
330 105
271 86
247 663
476 343
64 423
298 627
563 63
224 97
5 1
123 781
613 77
799 726
92 190
367 210
8 132
327 371
690 248
339 244
259 107
208 335
61 40
456 424
550 605
318 252
215 710
715 98
678 987
122 166
265 471
932 714
526 64
73 143
386 566
474 394
935 395
130 188
321 724
733 300
24 60
688 358
343 55
260 376
281 307
68 16
283 93
50 244
263 10
678 587
186 149
59 72
602 391
485 855
433 261
146 473
102 163
263 448
535 81
134 53
6 257
346 698
239 87
717 730
752 421
40 352
118 191
75 193
900 562
332 41
297 558
591 116
450 536
656 327
69 127
280 68
247 223
139 164
602 652
830 381
719 775
66 183
725 99
192 719
163 203
871 686
633 388
431 695
81 599
280 487
540 134
4 379
568 19
176 6
143 182
615 712
503 327
26 151
37 554
73 98
62 146
325 468
324 151
255 39
360 438
432 590
607 697
74 198
107 960
642 345
128 989
396 928
396 319
178 163
434 210
97 30
432 584
